,age,corsi_against,corsi_for,corsi_pct,corsi_rel_pct,expected_plsmns,fenwick_against,fenwick_for,fenwick_pct,fenwick_rel_pct,games_played,giveaways,on_ice_shot_pct,on_ice_sv_pct,pdo,player,pos,shot_thru_percentage,takeaways,toi_pbp_per_60_all,toi_pbp_per_60_ev,total_shots_attempted_all,zs_defense_pct,zs_offense_pct,team
0,34,83,106,56.1,-1.2,0.7,67,76,53.1,-2.5,6,4,9.3,91.1,100.4,Bryan Allen,D,18.2,0,18:13,15:45,22.0,51.6,48.4,Anaheim Ducks
1,34,1112,1112,50.0,-1.5,-0.8,835,835,50.0,-2.3,64,40,9.9,93.8,103.6,Francois Beauchemin,D,51.6,18,22:44,18:46,213.0,51.6,48.4,Anaheim Ducks
2,26,707,814,53.5,4.0,6.4,528,600,53.2,3.1,65,32,11.0,92.2,103.3,Matt Beleskey,LW,46.3,9,14:29,12:31,313.0,47.9,52.1,Anaheim Ducks
3,23,11,2,15.4,-29.9,-0.8,9,2,18.2,-26.5,1,0,0.0,71.4,71.4,Jesse Blacker,D,,0,6:03,6:03,0.0,50.0,50.0,Anaheim Ducks
4,33,331,296,47.2,-4.8,-5.2,248,221,47.1,-5.4,30,6,7.2,92.5,99.7,Rene Bourque,RW,48.4,4,12:08,11:02,91.0,49.1,50.9,Anaheim Ducks
5,35,140,108,43.5,-9.4,-1.7,109,83,43.2,-9.0,9,4,12.9,83.1,96.0,Eric Brewer,D,33.3,3,17:16,15:07,21.0,58.5,41.5,Anaheim Ducks
6,24,90,75,45.5,-4.7,0.0,70,58,45.3,-4.6,7,2,10.8,95.5,106.3,Mat Clark,D,28.6,1,12:46,10:53,7.0,47.5,52.5,Anaheim Ducks
7,27,911,953,51.1,0.2,-0.4,684,720,51.3,-0.1,82,33,8.2,91.6,99.8,Andrew Cogliano,C,54.5,30,14:34,12:42,244.0,50.1,49.9,Anaheim Ducks
8,23,221,247,52.8,-0.4,1.5,165,198,54.5,1.7,16,6,10.1,88.6,98.7,Simon Despres,D,56.3,5,18:40,16:42,48.0,51.7,48.3,Anaheim Ducks
9,22,451,522,53.6,2.8,2.7,338,399,54.1,2.8,45,11,4.7,92.1,96.8,Emerson Etem,LW,57.0,12,12:15,11:15,135.0,46.3,53.8,Anaheim Ducks
10,28,124,108,46.6,-5.4,-2.4,89,78,46.7,-6.0,9,2,8.9,86.7,95.6,Mark Fistric,D,10.0,4,14:47,13:45,10.0,52.6,47.4,Anaheim Ducks
11,30,132,188,58.8,3.8,4.0,104,145,58.2,2.9,14,2,7.7,89.7,97.4,Tomas Fleischmann,LW,52.2,4,14:10,12:17,46.0,46.0,54.0,Anaheim Ducks
12,23,1233,1242,50.2,-1.0,2.0,901,943,51.1,-0.3,80,52,9.3,90.5,99.8,Cam Fowler,D,46.3,23,21:08,16:48,188.0,52.0,48.0,Anaheim Ducks
13,22,14,7,33.3,-30.9,-0.1,12,5,29.4,-37.3,1,0,0.0,100.0,100.0,Max Friberg,LW,0.0,0,8:47,8:47,1.0,28.6,71.4,Anaheim Ducks
14,29,1054,1140,52.0,0.7,12.6,743,875,54.1,3.0,77,71,11.6,90.3,101.8,Ryan Getzlaf,C,53.5,55,20:05,15:08,357.0,49.3,50.7,Anaheim Ducks
15,34,67,50,42.7,-8.8,-0.7,54,32,37.2,-15.1,6,0,4.5,89.5,94.0,Dany Heatley,LW,61.5,1,12:08,10:38,13.0,43.6,56.4,Anaheim Ducks
16,33,392,396,50.3,1.0,-0.4,289,304,51.3,1.8,55,6,4.6,93.1,97.6,Tim Jackman,RW,54.5,6,8:23,8:13,101.0,49.6,50.4,Anaheim Ducks
17,22,161,170,51.4,-0.4,1.4,121,129,51.6,-0.3,18,9,7.7,93.1,100.8,William Karlsson,C,51.1,7,12:09,9:43,47.0,39.1,60.9,Anaheim Ducks
18,30,1128,1151,50.5,-0.7,1.5,852,841,49.7,-2.3,81,27,8.8,90.4,99.2,Ryan Kesler,C,53.3,47,19:31,14:36,383.0,53.3,46.7,Anaheim Ducks
19,21,1280,1330,51.0,0.4,3.8,989,997,50.2,-1.5,78,68,10.5,93.5,104.0,Hampus Lindholm,D,45.5,29,21:46,17:57,235.0,50.8,49.2,Anaheim Ducks
20,30,610,626,50.6,0.0,1.7,422,457,52.0,0.9,40,15,7.0,93.0,100.0,Ben Lovejoy,D,49.5,10,18:33,16:31,101.0,51.9,48.1,Anaheim Ducks
21,23,401,464,53.6,5.1,1.0,302,344,53.3,4.4,28,17,6.4,93.2,99.6,Josh Manson,D,47.3,9,18:26,16:38,55.0,49.7,50.3,Anaheim Ducks
22,26,752,820,52.2,0.9,3.7,552,633,53.4,2.1,71,25,9.0,89.8,98.8,Patrick Maroon,LW,59.4,16,14:17,11:57,202.0,50.2,49.8,Anaheim Ducks
23,21,5,4,44.4,-16.0,0.0,4,3,42.9,-16.8,1,0,0.0,100.0,100.0,Stefan Noesen,RW,0.0,0,6:54,6:54,1.0,100.0,0.0,Anaheim Ducks
24,23,639,670,51.2,0.4,2.4,482,500,50.9,-0.3,57,27,8.8,91.7,100.4,Kyle Palmieri,RW,52.3,15,14:06,12:17,214.0,50.2,49.8,Anaheim Ducks
25,29,927,956,50.8,0.2,11.2,674,724,51.8,1.3,67,46,12.9,89.7,102.7,Corey Perry,RW,55.3,25,18:06,14:56,349.0,47.8,52.2,Anaheim Ducks
26,21,693,785,53.1,2.6,6.8,532,600,53.0,2.2,71,33,7.6,93.5,101.1,Rickard Rakell,C,54.7,18,12:33,11:05,192.0,48.9,51.1,Anaheim Ducks
27,24,63,54,46.2,-1.0,-1.4,41,35,46.1,-1.0,5,7,19.2,93.9,113.2,Colby Robak,D,33.3,1,15:15,13:22,6.0,43.2,56.8,Anaheim Ducks
28,22,163,224,57.9,7.1,3.7,123,175,58.7,7.3,19,9,8.2,91.2,99.4,Jiri Sekac,LW,63.0,5,12:57,11:55,46.0,45.8,54.2,Anaheim Ducks
29,24,955,1007,51.3,0.7,-0.7,704,754,51.7,0.6,81,19,9.1,92.8,101.9,Jakob Silfverberg,RW,56.6,41,15:39,13:10,334.0,50.6,49.4,Anaheim Ducks
30,22,655,585,47.2,-4.0,-2.7,491,430,46.7,-5.2,54,20,8.5,92.1,100.6,Devante Smith-Pelly,RW,56.3,16,14:38,12:03,135.0,49.6,50.4,Anaheim Ducks
31,29,961,1010,51.2,0.2,6.1,699,762,52.2,1.2,69,40,6.7,91.7,98.4,Clayton Stoner,D,43.3,10,17:36,15:29,157.0,48.6,51.4,Anaheim Ducks
32,30,832,749,47.4,-4.6,-7.6,621,561,47.5,-4.9,80,21,7.5,93.3,100.8,Nate Thompson,C,57.7,26,13:19,11:15,149.0,57.5,42.5,Anaheim Ducks
33,23,984,1057,51.8,1.1,12.1,729,820,52.9,2.2,67,48,9.6,90.6,100.2,Sami Vatanen,D,50.4,27,21:28,16:23,242.0,46.1,53.9,Anaheim Ducks
34,23,60,50,45.5,-3.8,-0.8,42,40,48.8,-1.8,9,0,4.2,88.5,92.6,Chris Wagner,RW,50.0,1,8:47,8:19,14.0,55.6,44.4,Anaheim Ducks
35,30,170,223,56.7,2.5,0.9,131,175,57.2,2.4,13,11,6.4,88.5,94.9,James Wisniewski,D,45.5,1,20:13,16:20,44.0,52.7,47.3,Anaheim Ducks
36,26,385,416,51.9,4.4,-3.3,298,317,51.5,4.6,27,15,7.2,91.9,99.1,Mark Arcobello,C,57.3,12,15:41,14:12,103.0,39.5,60.5,Arizona Coyotes
37,25,634,585,48.0,-1.7,-8.9,486,415,46.1,-3.4,45,14,7.9,90.4,98.3,Mikkel Boedker,LW,52.7,24,17:29,14:33,150.0,40.6,59.4,Arizona Coyotes
38,29,39,24,38.1,-11.2,-0.5,28,15,34.9,-13.2,3,0,0.0,95.2,95.2,Alexandre Bolduc,C,100.0,0,10:40,10:40,3.0,62.5,37.5,Arizona Coyotes
39,26,516,446,46.4,-2.3,-6.4,385,324,45.7,-2.6,33,6,3.5,92.3,95.8,Andrew Campbell,D,45.2,2,17:32,14:17,62.0,60.7,39.3,Arizona Coyotes
40,28,825,815,49.7,1.8,-4.1,622,590,48.7,1.5,70,22,3.6,91.3,94.9,Kyle Chipchura,C,63.3,41,13:24,12:10,128.0,64.7,35.3,Arizona Coyotes
41,29,483,364,43.0,-6.4,-6.5,362,259,41.7,-6.8,58,5,5.3,93.9,99.2,B.J. Crombeen,RW,51.8,7,8:06,8:01,83.0,56.7,43.3,Arizona Coyotes
42,24,204,134,39.6,-8.7,-2.9,153,105,40.7,-5.9,19,1,5.3,93.8,99.0,Craig Cunningham,RW,76.7,2,11:05,9:46,30.0,72.8,27.2,Arizona Coyotes
43,23,349,261,42.8,-6.2,-9.1,258,188,42.2,-5.2,19,4,7.2,91.5,98.7,Klas Dahlbeck,D,36.4,8,19:11,15:50,44.0,65.6,34.4,Arizona Coyotes
44,38,1214,1192,49.5,1.5,-13.4,936,877,48.4,0.6,79,42,6.3,90.2,96.5,Shane Doan,RW,60.0,43,18:53,15:31,315.0,46.9,53.1,Arizona Coyotes
45,23,1369,1462,51.6,4.7,-7.5,1039,1067,50.7,4.1,82,46,6.8,90.9,97.7,Oliver Ekman-Larsson,D,51.0,30,25:13,18:36,518.0,53.7,46.3,Arizona Coyotes
46,33,960,1078,52.9,5.7,-3.1,714,772,52.0,5.2,79,26,7.6,89.6,97.2,Martin Erat,RW,50.3,27,15:52,13:38,179.0,49.9,50.1,Arizona Coyotes
47,25,1121,1237,52.5,5.7,-9.1,874,895,50.6,3.9,81,34,7.1,89.8,96.8,Sam Gagner,C,56.7,36,17:15,14:52,323.0,34.2,65.8,Arizona Coyotes
48,21,28,8,22.2,-25.9,-0.5,18,7,28.0,-15.7,2,0,0.0,90.0,90.0,Tyler Gaudet,C,100.0,1,9:35,9:24,1.0,71.4,28.6,Arizona Coyotes
49,22,358,336,48.4,0.8,-2.1,264,247,48.3,1.7,27,7,5.5,90.4,95.9,Brandon Gormley,D,52.7,6,15:19,13:01,74.0,43.1,56.9,Arizona Coyotes
50,27,460,509,52.5,4.2,-1.3,353,372,51.3,3.3,37,12,9.8,89.2,99.0,Martin Hanzal,C,59.0,17,17:44,14:18,144.0,48.2,51.8,Arizona Coyotes
51,26,36,44,55.0,7.5,-0.2,26,32,55.2,9.7,5,2,0.0,88.9,88.9,Justin Hodgman,C,75.0,0,11:24,10:40,4.0,51.5,48.5,Arizona Coyotes
52,28,181,201,52.6,5.3,2.2,135,156,53.6,7.0,19,2,6.4,95.6,102.0,Rob Klinkhammer,C,57.5,2,11:33,11:29,40.0,45.5,54.5,Arizona Coyotes
53,28,923,734,44.3,-5.5,-10.6,663,526,44.2,-5.0,69,15,4.3,91.5,95.9,Lauri Korpikoski,LW,50.3,26,15:15,12:26,163.0,54.7,45.3,Arizona Coyotes
54,22,293,284,49.2,1.6,1.5,217,223,50.7,3.0,26,7,4.2,89.6,93.8,Lucas Lessio,LW,69.8,7,12:45,12:09,63.0,43.2,56.8,Arizona Coyotes
55,22,80,108,57.4,5.9,-1.3,58,82,58.6,7.5,8,0,6.4,86.7,93.0,Jordan Martinook,C,36.4,2,11:42,10:55,22.0,40.0,60.0,Arizona Coyotes
56,24,172,166,49.1,2.1,-0.5,133,111,45.5,-0.5,18,2,5.1,94.3,99.4,Tye McGinn,LW,54.3,1,9:40,9:29,46.0,53.6,46.4,Arizona Coyotes
57,24,411,361,46.8,-1.9,-5.0,303,251,45.3,-3.0,50,1,3.0,89.6,92.6,Brandon McMillan,C,50.6,15,10:23,8:51,87.0,65.6,34.4,Arizona Coyotes
58,32,802,859,51.7,3.7,-1.8,612,618,50.2,2.4,53,23,7.7,89.9,97.5,Zbynek Michalek,D,44.4,12,21:05,17:55,151.0,58.2,41.8,Arizona Coyotes
59,24,335,254,43.1,-6.1,-5.3,264,175,39.9,-8.5,19,5,3.2,93.8,97.0,John Moore,D,30.4,5,18:43,15:42,69.0,51.5,48.5,Arizona Coyotes
60,33,648,635,49.5,0.8,-1.7,468,469,50.1,2.3,60,10,3.9,90.7,94.6,Dave Moss,RW,57.8,18,12:55,11:07,166.0,60.1,39.9,Arizona Coyotes
61,21,1118,914,45.0,-4.6,-12.2,836,656,44.0,-5.4,73,25,6.2,90.9,97.0,Connor Murphy,D,45.0,8,16:48,14:56,160.0,48.5,51.5,Arizona Coyotes
62,30,15,26,63.4,20.0,0.2,10,19,65.5,25.1,1,1,7.7,71.4,79.1,Dylan Reese,D,50.0,2,19:58,18:49,6.0,55.6,44.4,Arizona Coyotes
63,22,1002,986,49.6,1.3,-9.3,746,727,49.4,2.0,72,11,5.6,90.8,96.4,Tobias Rieder,RW,59.3,40,16:54,14:09,317.0,46.3,53.7,Arizona Coyotes
64,20,41,36,46.8,-8.1,-0.2,30,31,50.8,-7.7,3,0,0.0,91.3,91.3,Henrik Samuelsson,C,80.0,1,13:16,4:07,5.0,50.0,50.0,Arizona Coyotes
65,23,56,42,42.9,-7.0,0.5,42,29,40.8,-7.8,4,1,0.0,90.3,90.3,Philip Samuelsson,D,80.0,0,16:53,14:09,5.0,53.3,46.7,Arizona Coyotes
66,27,297,289,49.3,-1.9,-3.2,221,209,48.6,-1.1,20,7,7.0,90.6,97.6,David Schlemko,D,49.0,1,18:07,15:24,49.0,47.8,52.2,Arizona Coyotes
67,24,114,111,49.3,-1.6,0.7,78,77,49.7,0.5,12,4,1.8,96.5,98.3,Brendan Shinnimin,C,43.5,4,11:02,10:55,23.0,39.3,60.7,Arizona Coyotes
68,24,1454,1394,48.9,0.5,-12.8,1070,1041,49.3,2.0,81,23,4.9,92.5,97.5,Michael Stone,D,43.4,12,20:52,17:54,332.0,46.6,53.4,Arizona Coyotes
69,26,225,160,41.6,-11.0,-3.9,159,115,42.0,-10.4,17,5,2.7,88.3,91.0,Chris Summers,D,48.1,1,13:43,12:03,27.0,55.9,44.1,Arizona Coyotes
70,23,132,67,33.7,-15.5,-4.5,104,50,32.5,-13.3,9,0,5.0,94.3,99.3,Jordan Szwarz,RW,80.0,1,13:28,11:11,10.0,75.0,25.0,Arizona Coyotes
71,32,886,819,48.0,-1.5,-12.1,666,606,47.6,-1.4,63,31,7.2,88.9,96.1,Antoine Vermette,C,58.2,25,18:59,14:20,146.0,48.2,51.8,Arizona Coyotes
72,29,701,516,42.4,-7.7,-5.8,506,371,42.3,-7.1,70,11,4.0,93.9,97.9,Joe Vitale,C,57.9,30,11:14,8:46,95.0,65.0,35.0,Arizona Coyotes
73,28,1232,1204,49.4,0.6,-9.7,928,900,49.2,1.0,63,66,5.7,90.3,96.0,Keith Yandle,D,44.7,21,23:55,19:15,414.0,43.2,56.8,Arizona Coyotes
74,26,614,620,50.2,-3.1,1.7,488,478,49.5,-2.2,47,25,6.6,91.9,98.5,Matt Bartkowski,D,46.9,6,16:56,15:33,143.0,50.4,49.6,Boston Bruins
75,29,890,1275,58.9,9.6,21.5,673,927,57.9,9.8,81,29,7.1,89.5,96.6,Patrice Bergeron,C,54.7,48,18:08,13:57,428.0,56.2,43.8,Boston Bruins
76,31,724,509,41.3,-12.4,-2.0,533,375,41.3,-11.0,70,12,6.8,94.9,101.7,Gregory Campbell,C,60.4,13,12:08,10:29,106.0,60.8,39.2,Boston Bruins
77,24,71,56,44.1,-10.9,-0.8,51,43,45.7,-9.0,11,1,6.3,91.9,98.1,Jordan Caron,RW,50.0,0,7:56,7:26,8.0,52.6,47.4,Boston Bruins
78,37,1007,1173,53.8,2.6,8.2,782,853,52.2,1.4,63,55,6.9,91.8,98.7,Zdeno Chara,D,54.3,14,23:21,18:02,254.0,54.1,45.9,Boston Bruins
79,22,48,69,59.0,-2.5,1.4,40,53,57.0,-4.3,5,0,2.4,92.6,95.0,Brett Connolly,RW,64.3,1,14:22,12:21,14.0,32.5,67.5,Boston Bruins
80,24,263,219,45.4,-7.7,-1.2,200,173,46.4,-6.3,32,1,4.1,93.3,97.4,Craig Cunningham,RW,67.4,6,10:07,9:12,46.0,60.5,39.5,Boston Bruins
81,29,978,1128,53.6,2.2,4.5,739,825,52.7,2.6,81,24,8.3,91.0,99.4,Loui Eriksson,RW,63.8,45,18:27,14:21,265.0,49.9,50.1,Boston Bruins
82,22,45,38,45.8,-11.0,0.0,35,28,44.4,-9.7,7,0,4.3,95.2,99.6,Brian Ferlin,RW,40.0,1,8:48,8:08,15.0,60.7,39.3,Boston Bruins
83,24,194,201,50.9,-2.3,-2.1,148,147,49.8,-1.7,24,6,4.9,90.8,95.7,Matt Fraser,RW,63.0,6,10:31,10:25,46.0,50.3,49.7,Boston Bruins
84,34,226,205,47.6,-6.9,0.0,177,144,44.9,-8.4,23,7,8.0,94.2,102.2,Simon Gagne,LW,58.7,3,11:18,10:52,46.0,39.6,60.4,Boston Bruins
85,22,320,313,49.4,-3.9,-3.5,247,226,47.8,-4.2,30,6,6.8,93.4,100.2,Seth Griffith,C,47.8,12,13:27,11:34,69.0,47.8,52.2,Boston Bruins
86,21,1091,1359,55.5,5.1,7.1,868,985,53.2,3.3,72,45,7.5,90.8,98.2,Dougie Hamilton,D,48.2,24,21:20,17:28,390.0,51.3,48.7,Boston Bruins
87,34,891,933,51.2,-1.1,2.2,657,679,50.8,0.0,80,16,7.9,92.7,100.7,Chris Kelly,C,59.6,28,15:08,13:11,188.0,54.4,45.6,Boston Bruins
88,21,18,16,47.1,-9.2,-0.6,17,13,43.3,-13.8,3,1,0.0,86.7,86.7,Alexander Khokhlachev,C,100.0,0,8:12,7:15,1.0,13.3,86.7,Boston Bruins
89,28,655,708,51.9,-0.8,-2.2,522,507,49.3,-3.6,47,21,8.9,93.8,102.7,David Krejci,C,49.6,20,18:10,15:14,141.0,47.0,53.0,Boston Bruins
90,23,1118,1316,54.1,3.4,5.1,854,964,53.0,3.5,78,31,8.7,92.9,101.7,Torey Krug,D,48.8,15,19:36,16:38,420.0,40.1,59.9,Boston Bruins
91,24,3,11,78.6,20.4,0.1,3,9,75.0,14.0,2,0,0.0,100.0,100.0,Matt Lindblad,C,60.0,0,7:46,6:47,5.0,35.7,64.3,Boston Bruins
92,26,1098,1166,51.5,-0.8,-5.3,870,849,49.4,-2.3,81,46,9.5,93.8,103.3,Milan Lucic,LW,51.3,31,16:21,14:21,275.0,44.9,55.1,Boston Bruins
93,26,924,1234,57.2,7.3,17.1,693,899,56.5,7.9,77,45,7.7,89.9,97.6,Brad Marchand,LW,57.7,52,16:54,14:25,312.0,49.9,50.1,Boston Bruins
94,28,911,876,49.0,-3.9,0.2,671,639,48.8,-2.7,63,22,6.5,93.3,99.8,Adam McQuaid,D,44.4,7,18:26,16:24,135.0,50.9,49.1,Boston Bruins
95,27,547,534,49.4,-3.6,2.4,396,400,50.3,-2.1,41,15,9.8,95.7,105.5,Kevan Miller,D,42.5,7,18:02,15:09,87.0,48.0,52.0,Boston Bruins
96,22,206,205,49.9,-4.4,1.5,151,137,47.6,-4.9,15,3,6.5,97.3,103.8,Joseph Morrow,D,41.7,2,16:41,15:51,48.0,51.1,48.9,Boston Bruins
97,30,663,552,45.4,-8.3,2.2,498,412,45.3,-7.2,71,26,4.0,93.7,97.6,Daniel Paille,LW,56.4,29,11:31,10:03,117.0,52.0,48.0,Boston Bruins
98,18,505,635,55.7,6.5,5.3,406,469,53.6,4.6,46,30,9.1,94.4,103.6,David Pastrnak,RW,53.4,25,13:58,12:10,176.0,30.4,69.6,Boston Bruins
99,33,19,12,38.7,-16.0,-0.4,14,9,39.1,-18.7,3,1,0.0,100.0,100.0,Bobby Robins,C,,0,7:35,7:35,0.0,70.0,30.0,Boston Bruins
100,33,1461,1352,48.1,-6.4,-1.9,1111,986,47.0,-6.2,82,24,8.1,92.3,100.4,Dennis Seidenberg,D,49.3,8,22:05,19:12,209.0,56.1,43.9,Boston Bruins
101,23,908,1124,55.3,4.4,13.9,689,817,54.2,4.4,81,34,8.2,91.5,99.7,Reilly Smith,RW,48.8,34,15:24,13:30,293.0,46.6,53.4,Boston Bruins
102,29,1031,1111,51.9,-0.1,5.7,784,812,50.9,0.1,82,27,9.1,92.8,101.9,Carl Soderberg,C,52.2,33,16:48,14:41,312.0,47.3,52.7,Boston Bruins
103,23,340,361,51.5,-1.0,-2.6,275,271,49.6,-2.2,29,11,7.9,94.0,101.8,Ryan Spooner,C,64.3,8,14:32,11:33,112.0,41.5,58.5,Boston Bruins
104,30,191,154,44.6,-8.3,0.6,144,117,44.8,-5.9,18,2,4.1,91.3,95.4,Maxime Talbot,C,82.8,7,12:13,11:30,29.0,54.2,45.8,Boston Bruins
105,24,342,399,53.8,3.7,4.1,255,287,53.0,4.4,27,6,6.9,91.2,98.1,Zach Trotman,D,42.2,2,16:24,14:56,109.0,41.3,58.7,Boston Bruins
106,24,41,57,58.2,-0.5,0.8,34,39,53.4,-7.0,4,1,7.1,95.0,102.1,David Warsofsky,D,50.0,0,17:46,14:29,14.0,39.5,60.5,Boston Bruins
107,21,11,4,26.7,-0.9,-0.4,9,4,30.8,0.8,1,0,0.0,100.0,100.0,Joel Armia,RW,,0,14:47,14:47,0.0,60.0,40.0,Buffalo Sabres
108,31,1097,639,36.8,-0.7,-15.9,802,475,37.2,-2.2,59,20,7.4,92.1,99.6,Andre Benoit,D,42.5,10,18:04,15:27,106.0,59.1,40.9,Buffalo Sabres
109,24,490,341,41.0,2.4,-4.2,363,252,41.0,-0.4,21,4,7.7,91.0,98.7,Zach Bogosian,D,53.1,5,26:35,21:19,96.0,58.0,42.0,Buffalo Sabres
110,23,88,58,39.7,0.8,-1.6,61,46,43.0,2.8,9,0,3.3,89.1,92.5,Jerry D'Amigo,RW,77.8,3,9:44,8:25,9.0,75.0,25.0,Buffalo Sabres
111,25,211,144,40.6,1.4,-0.3,155,112,41.9,0.8,21,3,4.5,86.8,91.4,Zac Dalpe,C,67.4,5,9:17,9:15,43.0,63.7,36.3,Buffalo Sabres
112,23,1033,527,33.8,-4.9,-22.9,752,401,34.8,-5.3,82,8,6.1,92.3,98.3,Nicolas Deslauriers,LW,53.1,9,11:52,11:03,143.0,63.5,36.5,Buffalo Sabres
113,33,324,192,37.2,-0.9,-5.5,236,151,39.0,-1.2,39,2,4.3,90.1,94.4,Matt Ellis,LW,72.5,12,8:19,7:09,40.0,68.9,31.1,Buffalo Sabres
114,25,1442,886,38.1,1.1,-14.5,1046,698,40.0,2.0,78,21,7.1,92.3,99.4,Tyler Ennis,C,62.1,30,19:06,15:41,298.0,54.5,45.5,Buffalo Sabres
115,26,781,454,36.8,-0.5,-10.8,543,352,39.3,1.2,54,11,9.5,92.9,102.4,Brian Flynn,C,61.9,10,15:52,12:51,118.0,63.5,36.5,Buffalo Sabres
116,23,895,548,38.0,-0.6,-13.8,640,418,39.5,-0.7,57,25,8.2,93.1,101.3,Marcus Foligno,LW,61.1,28,16:13,13:51,108.0,57.0,43.0,Buffalo Sabres
117,36,1139,790,41.0,4.5,-11.9,821,592,41.9,4.0,69,20,7.8,92.4,100.2,Brian Gionta,RW,60.5,31,18:03,14:36,253.0,56.6,43.4,Buffalo Sabres
118,21,1036,598,36.6,-0.6,-16.2,738,451,37.9,-0.3,61,12,8.1,91.3,99.3,Zemgus Girgensons,C,62.8,19,19:03,14:50,183.0,59.6,40.4,Buffalo Sabres
119,30,957,505,34.5,-3.6,-20.9,674,382,36.2,-2.3,46,20,6.1,91.0,97.1,Josh Gorges,D,44.4,7,22:22,18:26,63.0,65.4,34.6,Buffalo Sabres
120,20,388,256,39.8,0.6,-3.9,279,192,40.8,0.2,25,7,6.0,91.3,97.3,Mikhail Grigorenko,C,61.4,2,15:10,14:02,57.0,60.3,39.7,Buffalo Sabres
121,24,993,633,38.9,1.4,-17.9,743,463,38.4,-0.8,78,16,5.2,91.6,96.9,Cody Hodgson,C,55.5,24,12:51,11:27,229.0,55.6,44.4,Buffalo Sabres
122,28,364,176,32.6,-6.6,-9.6,260,137,34.5,-6.2,42,3,2.8,92.0,94.9,Patrick Kaleta,RW,62.5,8,8:52,7:35,40.0,67.0,33.0,Buffalo Sabres
123,22,548,396,41.9,4.6,-3.0,406,296,42.2,2.6,39,12,6.6,94.7,101.3,Johan Larsson,LW,56.8,10,14:31,13:09,88.0,53.8,46.2,Buffalo Sabres
124,21,20,15,42.9,15.2,-0.3,18,10,35.7,3.0,2,0,0.0,100.0,100.0,Jake McCabe,D,66.7,0,11:08,10:18,3.0,53.3,46.7,Buffalo Sabres
125,31,347,188,35.1,-1.8,-8.4,241,134,35.7,-1.1,33,10,5.1,91.4,96.4,Cody McCormick,C,56.4,3,11:43,9:27,55.0,68.6,31.4,Buffalo Sabres
126,29,1082,695,39.1,0.9,-14.7,799,541,40.4,0.8,60,18,8.6,91.9,100.6,Andrej Meszaros,D,48.2,8,17:53,15:28,139.0,51.9,48.1,Buffalo Sabres
127,30,715,465,39.4,3.4,-7.4,502,347,40.9,3.8,51,17,9.5,92.0,101.5,Torrey Mitchell,C,56.3,21,15:18,12:59,80.0,61.4,38.6,Buffalo Sabres
128,31,1256,868,40.9,4.6,-7.3,915,678,42.6,5.3,77,21,8.1,92.2,100.3,Matt Moulson,LW,61.7,26,17:40,14:40,253.0,53.6,46.4,Buffalo Sabres
129,24,1055,562,34.8,-3.9,-16.6,741,432,36.8,-1.9,47,34,8.1,92.4,100.5,Tyler Myers,D,56.7,30,25:04,18:59,127.0,65.4,34.6,Buffalo Sabres
130,23,126,70,35.7,7.1,-0.9,89,57,39.0,7.4,7,2,13.3,93.4,106.8,Mark Pysyk,D,40.0,1,18:04,16:48,10.0,68.7,31.3,Buffalo Sabres
131,19,97,55,36.2,0.9,-2.2,76,41,35.0,1.5,9,1,3.7,96.4,100.1,Sam Reinhart,C,50.0,2,10:22,10:14,6.0,62.0,38.0,Buffalo Sabres
132,20,1583,942,37.3,-0.6,-27.1,1167,731,38.5,-0.6,78,35,5.4,93.0,98.4,Rasmus Ristolainen,D,54.5,9,20:35,17:11,222.0,60.7,39.3,Buffalo Sabres
133,24,47,39,45.3,11.2,0.4,36,31,46.3,9.9,4,0,13.0,100.0,113.0,Chad Ruhwedel,D,66.7,0,12:28,12:17,6.0,43.8,56.3,Buffalo Sabres
134,24,201,109,35.2,-4.2,-1.4,136,87,39.0,-2.6,18,3,4.5,91.1,95.6,Tim Schaller,C,73.1,3,11:21,10:15,26.0,72.1,27.9,Buffalo Sabres
135,29,732,416,36.2,-1.4,-13.0,532,310,36.8,-1.6,50,13,8.2,90.7,98.9,Drew Stafford,RW,70.0,9,15:59,12:52,130.0,59.3,40.7,Buffalo Sabres
136,27,1042,567,35.2,-2.5,-18.8,768,426,35.7,-3.4,61,26,7.1,91.2,98.3,Chris Stewart,RW,64.8,12,15:60,13:53,179.0,58.4,41.6,Buffalo Sabres
137,30,862,509,37.1,-0.8,-11.9,606,376,38.3,-0.9,46,24,5.0,90.0,95.0,Tyson Strachan,D,51.4,13,18:59,16:43,74.0,59.2,40.8,Buffalo Sabres
138,24,419,248,37.2,-2.6,-4.4,305,193,38.8,-2.9,28,14,5.6,90.9,96.4,Phil Varone,C,62.2,8,13:27,12:41,45.0,55.6,44.4,Buffalo Sabres
139,27,1163,727,38.5,1.1,-10.4,803,547,40.5,2.7,64,40,5.3,91.9,97.2,Mike Weber,D,36.3,10,18:45,16:14,113.0,60.1,39.9,Buffalo Sabres
140,19,1026,663,39.3,1.6,-13.5,769,518,40.2,0.0,60,39,9.1,92.6,101.7,Nikita Zadorov,D,50.0,11,17:42,15:43,104.0,51.8,48.2,Buffalo Sabres
141,25,767,654,46.0,2.3,0.1,511,474,48.1,3.4,52,42,10.5,91.3,101.8,Mikael Backlund,C,53.6,58,17:45,14:24,194.0,60.9,39.1,Calgary Flames
142,22,133,100,42.9,-1.8,-2.1,88,68,43.6,-3.9,15,3,10.4,87.1,97.5,Sven Baertschi,LW,61.1,5,9:13,9:04,18.0,52.0,48.0,Calgary Flames
143,18,6,9,60.0,,0.0,4,7,63.6,,1,0,16.7,50.0,66.7,Sam Bennett,C,33.3,2,16:00,15:06,6.0,28.6,71.4,Calgary Flames
144,28,539,386,41.7,-3.4,-3.2,354,280,44.2,-2.2,62,16,5.3,91.9,97.2,Brandon Bollig,LW,59.6,15,8:36,8:23,114.0,60.2,39.8,Calgary Flames
145,24,1046,753,41.9,-4.5,-1.5,698,562,44.6,-2.5,78,25,10.9,92.2,103.1,Lance Bouma,C,58.4,22,14:01,12:05,178.0,65.4,34.6,Calgary Flames
146,24,1680,1446,46.3,2.6,-2.6,1178,1038,46.8,1.3,81,88,10.2,92.4,102.6,T.J. Brodie,D,47.0,71,25:13,20:44,283.0,59.5,40.5,Calgary Flames
147,25,695,613,46.9,2.1,-0.4,465,431,48.1,2.4,57,23,8.7,90.4,99.1,Paul Byron,C,54.4,46,14:28,12:33,114.0,58.3,41.7,Calgary Flames
148,25,863,655,43.1,-1.7,-8.0,583,454,43.8,-2.6,64,33,9.1,94.0,103.0,Joe Colborne,C,51.9,26,15:25,13:04,129.0,52.2,47.8,Calgary Flames
149,29,582,491,45.8,1.9,-1.9,374,348,48.2,3.3,56,17,7.8,91.5,99.2,Raphael Diaz,D,39.4,12,12:01,10:59,132.0,51.6,48.4,Calgary Flames
150,32,1120,752,40.2,-6.4,-7.3,768,559,42.1,-5.5,76,39,6.9,91.0,97.9,Deryk Engelland,D,44.1,21,14:23,13:21,118.0,60.9,39.1,Calgary Flames
151,22,258,216,45.6,1.1,-1.7,173,162,48.4,1.8,26,11,6.1,95.1,101.3,Micheal Ferland,LW,53.7,19,10:31,10:05,67.0,55.1,44.9,Calgary Flames
152,21,1220,1095,47.3,3.7,1.3,847,783,48.0,2.9,80,78,12.2,90.8,102.9,Johnny Gaudreau,LW,59.2,67,17:43,14:44,282.0,44.0,56.0,Calgary Flames
153,31,1119,1108,49.8,6.9,0.0,778,782,50.1,5.9,61,51,10.7,91.6,102.3,Mark Giordano,D,44.0,35,25:11,19:42,357.0,56.4,43.6,Calgary Flames
154,32,757,632,45.5,0.9,-4.1,529,442,45.5,-0.4,53,42,10.4,92.2,102.6,Curtis Glencross,LW,54.4,29,16:41,14:09,160.0,58.5,41.5,Calgary Flames
155,21,635,449,41.4,-4.7,-4.2,416,328,44.1,-2.7,48,16,10.1,89.8,99.9,Markus Granlund,C,53.7,27,13:22,11:59,121.0,47.8,52.2,Calgary Flames
156,31,1159,1079,48.2,5.1,0.8,810,770,48.7,4.1,78,32,13.1,90.8,104.0,Jiri Hudler,C,58.5,43,18:01,14:49,270.0,45.1,54.9,Calgary Flames
157,30,998,776,43.7,-1.6,0.6,676,569,45.7,-0.8,67,26,8.8,91.6,100.5,David Jones,RW,55.3,24,14:20,13:18,206.0,64.4,35.6,Calgary Flames
158,24,738,666,47.4,1.4,-0.4,479,473,49.7,2.2,60,29,10.9,89.9,100.7,Josh Jooris,RW,54.2,39,14:30,12:38,168.0,48.7,51.3,Calgary Flames
159,24,10,11,52.4,4.0,0.1,7,8,53.3,3.3,2,0,0.0,100.0,100.0,Corban Knight,C,50.0,0,6:24,6:24,4.0,16.7,83.3,Calgary Flames
160,21,9,15,62.5,,-0.2,7,11,61.1,,1,2,12.5,83.3,95.8,Brett Kulak,D,0.0,0,19:31,18:04,2.0,0.0,100.0,Calgary Flames
161,33,61,46,43.0,0.3,-0.7,41,35,46.1,2.2,8,0,0.0,92.6,92.6,Brian McGrattan,RW,66.7,3,6:38,6:22,15.0,47.2,52.8,Calgary Flames
162,20,1355,1161,46.1,2.0,-7.9,962,821,46.0,-0.1,81,52,10.0,92.4,102.4,Sean Monahan,C,55.5,81,19:37,15:47,344.0,52.6,47.4,Calgary Flames
163,20,59,35,37.2,-6.0,-1.3,37,23,38.3,-8.7,6,0,5.3,100.0,105.3,Emile Poirier,RW,42.9,3,7:59,7:47,7.0,56.0,44.0,Calgary Flames
164,31,47,50,51.5,10.6,0.8,28,38,57.6,14.5,6,5,4.0,87.5,91.5,Corey Potter,D,42.9,1,9:40,9:14,7.0,28.6,71.4,Calgary Flames
165,23,10,13,56.5,,-0.3,8,11,57.9,,1,0,12.5,71.4,83.9,John Ramage,D,100.0,0,18:10,18:10,8.0,0.0,100.0,Calgary Flames
166,29,796,614,43.5,-1.4,-8.9,517,419,44.8,-1.4,57,28,8.9,90.1,98.9,Mason Raymond,LW,57.9,24,14:49,12:29,214.0,48.1,51.9,Calgary Flames
167,22,37,29,43.9,-4.8,-1.0,25,16,39.0,-12.2,4,0,0.0,82.4,82.4,Max Reinhart,C,27.3,0,8:05,8:05,11.0,50.0,50.0,Calgary Flames
168,27,1800,1353,42.9,-3.3,-12.9,1226,964,44.0,-3.6,79,66,11.9,92.3,104.2,Kris Russell,D,44.6,51,23:57,20:01,249.0,49.8,50.2,Calgary Flames
169,27,191,218,53.3,12.8,3.1,117,159,57.6,14.9,19,9,11.5,91.5,103.0,David Schlemko,D,48.6,3,12:39,11:49,37.0,50.0,50.0,Calgary Flames
170,28,140,102,42.1,-0.2,-3.6,91,71,43.8,-0.7,12,1,3.9,85.9,89.9,Devin Setoguchi,RW,46.2,0,12:09,10:42,26.0,52.3,47.7,Calgary Flames
171,24,137,82,37.4,-4.6,-4.4,95,61,39.1,-6.2,11,1,8.3,88.3,96.6,Drew Shore,C,65.4,1,10:40,10:07,26.0,63.9,36.1,Calgary Flames
172,28,436,313,41.8,-4.6,-2.5,291,234,44.6,-2.7,31,10,5.1,89.8,94.9,Ladislav Smid,D,50.0,4,13:58,12:38,42.0,59.2,40.8,Calgary Flames
173,31,642,516,44.6,-0.6,-1.4,463,377,44.9,-1.2,59,30,8.0,94.8,102.8,Matt Stajan,C,50.0,33,11:60,10:25,94.0,66.0,34.0,Calgary Flames
174,31,1836,1401,43.3,-2.8,-13.3,1241,987,44.3,-3.3,80,92,10.8,91.8,102.6,Dennis Wideman,D,45.8,51,24:38,19:58,378.0,50.4,49.6,Calgary Flames
175,25,19,19,50.0,-0.8,-0.4,17,12,41.4,-14.2,3,0,0.0,100.0,100.0,David Wolf,LW,20.0,1,9:23,9:23,5.0,52.2,47.8,Calgary Flames
176,21,12,11,47.8,,-0.2,7,5,41.7,,1,0,0.0,40.0,40.0,Tyler Wotherspoon,D,33.3,0,20:19,15:43,6.0,80.0,20.0,Calgary Flames
177,26,649,602,48.1,-3.8,-4.2,472,463,49.5,-2.5,49,28,7.9,92.8,100.7,Brett Bellemore,D,41.9,9,16:23,15:08,62.0,55.1,44.9,Carolina Hurricanes
178,23,124,160,56.3,-0.1,0.4,97,123,55.9,1.3,10,7,5.7,85.9,91.6,Danny Biega,D,28.0,1,16:09,16:03,25.0,42.2,57.8,Carolina Hurricanes
179,25,306,292,48.8,-1.9,-3.7,221,220,49.9,-0.5,31,3,7.1,92.8,99.9,Zach Boychuk,LW,61.4,9,10:38,10:09,57.0,49.5,50.5,Carolina Hurricanes
180,22,51,43,45.7,-4.1,-0.8,34,29,46.0,-3.3,7,0,6.3,79.2,85.4,Patrick Brown,C,40.0,1,8:53,7:20,10.0,48.1,51.9,Carolina Hurricanes
181,31,726,575,44.2,-10.0,-8.2,525,433,45.2,-8.4,71,14,6.0,90.7,96.7,Patrick Dwyer,RW,55.8,26,12:46,10:26,138.0,54.6,45.4,Carolina Hurricanes
182,22,1478,1761,54.4,3.8,-3.4,1128,1285,53.3,2.7,82,50,6.5,89.9,96.4,Justin Faulk,D,52.7,70,24:26,19:27,452.0,48.8,51.2,Carolina Hurricanes
183,27,936,1082,53.6,2.0,2.3,688,810,54.1,3.0,78,38,5.5,90.7,96.2,Nathan Gerbe,LW,61.5,51,16:26,13:41,382.0,47.6,52.4,Carolina Hurricanes
184,32,736,702,48.8,-3.1,-3.5,545,514,48.5,-3.2,55,16,6.0,89.3,95.2,Tim Gleason,D,51.8,6,16:39,14:24,85.0,46.1,53.9,Carolina Hurricanes
185,33,1311,1398,51.6,-1.1,-4.4,967,1047,52.0,0.1,81,48,6.5,90.8,97.3,Ron Hainsey,D,47.4,22,21:06,18:30,175.0,46.4,53.6,Carolina Hurricanes
186,32,278,298,51.7,-0.3,-2.1,204,216,51.4,-0.2,20,5,5.0,91.8,96.9,Jay Harrison,D,37.7,7,16:29,13:43,61.0,56.6,43.4,Carolina Hurricanes
187,29,51,56,52.3,-8.5,-0.8,34,32,48.5,-10.7,3,0,7.1,85.2,92.3,Jack Hillen,D,30.8,2,18:36,18:13,13.0,33.3,66.7,Carolina Hurricanes
188,24,475,517,52.1,-0.6,-1.8,338,370,52.3,0.2,38,19,6.1,89.8,95.9,Michal Jordan,D,51.8,8,15:57,14:51,85.0,39.9,60.1,Carolina Hurricanes
189,34,769,948,55.2,1.7,5.0,569,696,55.0,2.4,57,38,5.8,91.0,96.8,John-Michael Liles,D,46.4,19,19:09,16:39,194.0,45.3,54.7,Carolina Hurricanes
190,20,984,1172,54.4,3.1,-0.2,738,857,53.7,2.8,81,42,5.5,89.3,94.9,Elias Lindholm,C,56.3,36,16:25,13:39,302.0,41.9,58.1,Carolina Hurricanes
191,21,37,16,30.2,-25.2,-0.9,28,7,20.0,-41.5,2,0,0.0,89.5,89.5,Keegan Lowe,D,0.0,2,13:51,13:51,4.0,45.0,55.0,Carolina Hurricanes
192,25,575,470,45.0,-7.3,-0.4,419,362,46.4,-6.0,65,19,7.1,90.7,97.8,Brad Malone,C,54.7,16,10:09,9:32,117.0,56.4,43.6,Carolina Hurricanes
193,31,910,695,43.3,-11.1,-11.8,651,523,44.5,-9.1,82,14,9.9,90.2,100.1,Jay McClement,C,56.2,42,13:35,11:04,121.0,61.1,38.9,Carolina Hurricanes
194,21,545,542,49.9,-2.0,-3.3,409,384,48.4,-3.8,37,30,6.5,89.6,96.1,Ryan Murphy,D,48.0,20,18:17,16:05,127.0,39.3,60.7,Carolina Hurricanes
195,25,752,826,52.3,0.7,1.4,549,586,51.6,0.6,68,29,6.2,90.5,96.7,Riley Nash,C,54.4,52,16:18,12:42,171.0,47.9,52.1,Carolina Hurricanes
196,23,447,559,55.6,1.4,3.3,331,413,55.5,2.3,41,12,7.2,92.5,99.7,Andrej Nestrasil,C,54.1,27,14:05,13:03,122.0,43.5,56.5,Carolina Hurricanes
197,21,948,1111,54.0,2.4,-1.9,719,828,53.5,2.4,80,34,6.1,90.3,96.4,Victor Rask,C,58.2,46,16:20,13:14,297.0,43.1,56.9,Carolina Hurricanes
198,23,80,74,48.1,-10.2,-0.4,62,50,44.6,-12.7,6,3,0.0,88.6,88.6,Rasmus Rissanen,D,33.3,0,14:59,14:07,9.0,25.5,74.5,Carolina Hurricanes
199,28,1007,1128,52.8,2.2,-2.7,750,829,52.5,2.3,57,46,6.4,91.0,97.4,Andrej Sekera,D,36.4,42,22:46,18:35,214.0,51.2,48.8,Carolina Hurricanes
200,30,643,821,56.1,3.7,-5.0,483,579,54.5,2.7,57,34,7.6,89.0,96.6,Alexander Semin,RW,44.9,48,15:55,14:11,207.0,39.1,60.9,Carolina Hurricanes
201,23,14,11,44.0,-5.6,0.2,13,9,40.9,-8.1,3,1,0.0,100.0,100.0,Justin Shugg,RW,75.0,0,5:42,5:39,4.0,55.6,44.4,Carolina Hurricanes
202,22,966,1072,52.6,0.4,-1.3,724,788,52.1,0.3,77,42,5.3,89.8,95.1,Jeff Skinner,LW,51.8,62,16:03,13:52,452.0,40.7,59.3,Carolina Hurricanes
203,30,1044,1391,57.1,7.2,5.9,792,981,55.3,5.1,77,47,6.0,89.9,95.9,Eric Staal,C,54.2,38,18:51,15:56,450.0,45.4,54.6,Carolina Hurricanes
204,26,596,842,58.6,8.2,4.1,466,603,56.4,5.6,46,24,5.8,90.2,96.0,Jordan Staal,C,52.6,39,18:33,16:21,175.0,48.1,51.9,Carolina Hurricanes
205,23,26,19,42.2,-6.5,-0.2,20,16,44.4,-4.4,4,1,0.0,85.7,85.7,Brody Sutter,C,0.0,0,7:26,7:25,2.0,50.0,50.0,Carolina Hurricanes
206,25,590,634,51.8,0.7,1.4,436,463,51.5,0.2,57,20,6.6,91.0,97.6,Chris Terry,LW,53.4,21,12:43,11:21,133.0,46.4,53.6,Carolina Hurricanes
207,26,615,760,55.3,4.8,-6.6,456,535,54.0,3.4,52,18,6.0,89.1,95.2,Jiri Tlusty,LW,52.2,24,17:12,13:54,186.0,44.1,55.9,Carolina Hurricanes
208,22,15,6,28.6,-20.1,0.1,8,5,38.5,-11.5,2,0,0.0,66.7,66.7,Brendan Woods,LW,75.0,0,6:02,6:02,4.0,50.0,50.0,Carolina Hurricanes
209,22,26,29,52.7,-1.0,-0.4,17,19,52.8,4.9,3,0,0.0,92.3,92.3,Kyle Baun,RW,50.0,1,12:32,12:32,8.0,28.6,71.4,Chicago Blackhawks
210,28,775,922,54.3,0.5,6.4,588,659,52.8,-0.2,80,20,6.8,93.8,100.6,Bryan Bickell,LW,57.9,26,12:05,11:19,195.0,29.8,70.2,Chicago Blackhawks
211,30,299,292,49.4,-4.6,0.4,212,213,50.1,-2.9,39,5,6.8,95.0,101.9,Daniel Carcillo,LW,58.3,6,8:11,8:09,72.0,58.2,41.8,Chicago Blackhawks
212,22,40,41,50.6,0.0,-1.0,32,27,45.8,-7.0,4,2,15.0,91.3,106.3,Adam Clendening,D,20.0,0,13:10,9:33,10.0,38.9,61.1,Chicago Blackhawks
213,28,79,88,52.7,0.6,-1.3,63,64,50.4,-2.0,7,2,4.5,93.5,98.0,Kyle Cumiskey,D,41.7,1,13:18,12:24,12.0,41.4,58.6,Chicago Blackhawks
214,23,53,43,44.8,-5.0,0.0,41,33,44.6,-3.4,4,0,14.3,86.7,101.0,Klas Dahlbeck,D,40.0,1,10:24,10:24,10.0,36.1,63.9,Chicago Blackhawks
215,21,14,18,56.3,12.5,0.1,8,14,63.6,22.0,2,0,0.0,100.0,100.0,Phillip Danault,C,50.0,0,9:30,8:19,4.0,15.4,84.6,Chicago Blackhawks
216,28,114,142,55.5,3.9,1.4,90,104,53.6,2.5,13,2,3.6,97.1,100.8,Andrew Desjardins,C,66.7,4,11:60,11:04,24.0,67.8,32.2,Chicago Blackhawks
217,23,60,80,57.1,1.0,1.6,45,56,55.4,-1.6,8,1,8.5,90.0,98.5,Tim Erixon,D,46.2,1,9:59,9:58,13.0,26.5,73.5,Chicago Blackhawks
218,20,34,43,55.8,1.5,1.0,24,33,57.9,6.3,5,0,0.0,92.9,92.9,Ryan Hartman,RW,72.7,0,8:17,8:15,11.0,42.3,57.7,Chicago Blackhawks
219,27,1332,1529,53.4,-0.7,7.7,982,1112,53.1,0.3,82,70,7.2,95.1,102.3,Niklas Hjalmarsson,D,40.9,41,21:52,19:14,237.0,52.3,47.7,Chicago Blackhawks
220,36,1010,1277,55.8,2.6,9.3,772,920,54.4,1.9,82,30,8.9,92.9,101.8,Marian Hossa,RW,55.3,68,18:33,14:31,447.0,44.0,56.0,Chicago Blackhawks
221,26,863,1044,54.7,0.3,5.3,663,771,53.8,0.1,61,30,9.4,92.0,101.5,Patrick Kane,RW,57.6,36,19:51,16:08,323.0,32.1,67.9,Chicago Blackhawks
222,31,1365,1756,56.3,4.1,8.0,1054,1270,54.6,3.2,80,63,8.1,92.3,100.3,Duncan Keith,D,46.3,43,25:33,19:51,369.0,45.6,54.4,Chicago Blackhawks
223,24,760,839,52.5,-1.8,1.2,549,606,52.5,-0.6,81,9,4.6,93.6,98.2,Marcus Kruger,C,65.8,30,13:05,10:47,190.0,75.9,24.1,Chicago Blackhawks
224,23,88,135,60.5,2.2,1.7,60,103,63.2,6.4,15,2,1.2,97.9,99.1,Jeremy Morin,RW,68.3,3,7:44,7:39,41.0,40.3,59.7,Chicago Blackhawks
225,22,342,337,49.6,-3.5,-1.3,246,254,50.8,-1.5,38,3,3.2,93.9,97.0,Joakim Nordstrom,C,48.3,12,10:58,10:13,87.0,85.5,14.5,Chicago Blackhawks
226,33,1226,1300,51.5,-4.4,3.9,880,937,51.6,-2.7,76,44,6.7,93.5,100.2,Johnny Oduya,D,38.2,22,20:17,18:19,199.0,49.0,51.0,Chicago Blackhawks
227,21,11,11,50.0,,-0.3,8,9,52.9,,1,0,20.0,85.7,105.7,Michael Paliotta,D,66.7,0,12:45,12:45,3.0,50.0,50.0,Chicago Blackhawks
228,28,23,32,58.2,3.2,0.4,20,24,54.5,0.2,4,0,4.8,100.0,104.8,Peter Regin,C,60.0,3,8:20,8:05,5.0,47.8,52.2,Chicago Blackhawks
229,34,846,1021,54.7,1.1,0.8,659,738,52.8,0.0,76,31,8.8,92.4,101.2,Brad Richards,C,61.8,22,14:53,12:49,322.0,30.1,69.9,Chicago Blackhawks
230,36,903,1057,53.9,0.9,0.8,695,760,52.2,-0.1,65,36,7.6,91.7,99.4,Michal Rozsival,D,41.2,17,17:01,15:59,136.0,44.4,55.6,Chicago Blackhawks
231,24,486,645,57.0,4.0,4.3,377,465,55.2,3.0,49,29,10.3,94.3,104.6,David Rundblad,D,42.3,10,12:48,12:14,137.0,31.8,68.2,Chicago Blackhawks
232,22,995,1168,54.0,0.1,9.0,744,851,53.4,0.5,82,29,8.5,92.7,101.1,Brandon Saad,LW,62.7,46,17:15,13:58,322.0,42.4,57.6,Chicago Blackhawks
233,29,1365,1530,52.8,-1.7,6.9,1033,1143,52.5,-0.7,82,65,6.8,92.8,99.6,Brent Seabrook,D,47.8,27,22:10,17:53,379.0,44.9,55.1,Chicago Blackhawks
234,33,817,1031,55.8,2.5,2.8,634,740,53.9,1.2,68,25,7.7,89.9,97.5,Patrick Sharp,LW,55.7,38,16:49,13:54,413.0,33.6,66.4,Chicago Blackhawks
235,23,806,986,55.0,1.3,5.3,619,705,53.2,0.3,79,16,6.3,91.5,97.8,Andrew Shaw,C,63.3,17,14:57,12:06,229.0,39.1,60.9,Chicago Blackhawks
236,26,606,594,49.5,-6.0,-1.4,426,419,49.6,-4.9,61,10,5.5,94.2,99.6,Ben Smith,RW,57.5,17,13:35,10:60,134.0,74.6,25.4,Chicago Blackhawks
237,20,343,412,54.6,1.5,3.2,253,311,55.1,4.1,34,15,6.0,94.9,100.9,Teuvo Teravainen,LW,64.1,11,12:47,11:55,103.0,38.2,61.8,Chicago Blackhawks
238,39,187,155,45.3,-9.3,-1.8,147,111,43.0,-10.6,16,6,2.2,95.8,98.0,Kimmo Timonen,D,58.8,0,11:59,11:20,17.0,34.5,65.5,Chicago Blackhawks
239,26,1017,1335,56.8,4.0,14.6,778,955,55.1,3.1,81,34,9.3,94.2,103.5,Jonathan Toews,C,63.2,45,19:33,14:47,304.0,42.6,57.4,Chicago Blackhawks
240,23,171,253,59.7,2.7,3.6,134,180,57.3,0.8,18,4,4.2,93.8,98.0,Trevor van Riemsdyk,D,52.4,9,13:32,13:12,42.0,36.0,64.0,Chicago Blackhawks
241,32,247,232,48.4,-5.9,-1.5,188,176,48.4,-3.7,19,5,5.4,94.0,99.4,Antoine Vermette,C,57.1,5,14:01,13:05,42.0,39.4,60.6,Chicago Blackhawks
242,28,750,882,54.0,0.6,0.1,578,636,52.4,-0.3,61,24,8.6,93.8,102.3,Kris Versteeg,LW,58.8,31,15:51,13:55,228.0,32.6,67.4,Chicago Blackhawks
243,24,14,8,36.4,-11.8,0.0,9,7,43.8,-4.4,1,0,20.0,100.0,120.0,Andrew Agozzino,LW,50.0,1,9:45,9:45,2.0,50.0,50.0,Colorado Avalanche
244,23,1473,1257,46.0,3.4,-2.4,1057,920,46.5,2.9,80,47,11.2,90.3,101.4,Tyson Barrie,D,44.6,40,21:22,18:02,312.0,49.2,50.8,Colorado Avalanche
245,28,8,3,27.3,-25.0,-0.5,6,2,25.0,-26.1,1,0,0.0,100.0,100.0,Patrick Bordeleau,LW,,0,6:46,6:46,0.0,40.0,60.0,Colorado Avalanche
246,37,632,454,41.8,-2.7,-4.1,468,352,42.9,-2.0,57,9,5.9,93.1,98.9,Daniel Briere,C,61.1,23,12:07,10:46,113.0,49.3,50.7,Colorado Avalanche
247,26,63,62,49.6,3.0,-1.4,51,49,49.0,1.4,10,0,8.1,97.6,105.7,Paul Carey,C,35.7,3,7:53,7:52,14.0,47.7,52.3,Colorado Avalanche
248,24,169,88,34.2,-8.6,-1.3,114,62,35.2,-8.9,19,2,4.2,96.2,100.4,Jordan Caron,RW,42.1,1,8:06,8:03,19.0,53.7,46.3,Colorado Avalanche
249,27,631,399,38.7,-5.4,-8.3,461,318,40.8,-3.9,74,16,6.5,94.2,100.6,Marc-Andre Cliche,C,67.3,31,10:36,8:23,101.0,54.5,45.5,Colorado Avalanche
250,24,1420,1106,43.8,-0.2,-7.0,1058,840,44.3,-0.7,82,34,10.1,92.1,102.2,Matt Duchene,C,60.2,49,18:34,15:52,344.0,52.5,47.5,Colorado Avalanche
251,24,54,50,48.1,6.4,-0.5,40,37,48.1,8.4,5,2,3.7,88.9,92.6,Stefan Elliott,D,52.6,1,13:56,11:36,19.0,50.0,50.0,Colorado Avalanche
252,23,652,456,41.2,-3.2,-4.4,442,318,41.8,-3.4,55,11,8.1,91.2,99.3,Dennis Everberg,RW,56.9,20,11:48,10:55,109.0,55.3,44.7,Colorado Avalanche
253,32,1197,773,39.2,-6.2,-15.4,852,551,39.3,-7.0,76,28,11.5,91.9,103.4,Nate Guenin,D,44.7,19,16:51,14:21,85.0,55.6,44.4,Colorado Avalanche
254,23,115,75,39.5,-2.4,0.4,82,51,38.3,-5.0,17,1,7.5,93.1,100.6,Freddie Hamilton,C,50.0,2,7:32,7:12,22.0,48.6,51.4,Colorado Avalanche
255,36,1576,1207,43.4,-0.7,-17.0,1125,919,45.0,0.6,81,30,7.5,91.5,99.0,Jan Hejda,D,48.0,22,20:39,18:03,175.0,55.9,44.1,Colorado Avalanche
256,23,121,80,39.8,-1.5,0.3,80,60,42.9,0.6,13,2,4.0,93.9,97.9,Joey Hishon,C,65.5,5,10:07,8:37,29.0,56.1,43.9,Colorado Avalanche
257,27,1320,980,42.6,-1.8,-10.1,994,742,42.7,-2.8,78,34,7.1,92.9,100.0,Nick Holden,D,47.2,24,19:47,15:46,199.0,54.6,45.4,Colorado Avalanche
258,37,1413,1027,42.1,-2.7,-12.6,1030,754,42.3,-3.5,82,30,10.4,92.3,102.7,Jarome Iginla,RW,54.0,31,18:08,14:59,350.0,54.1,45.9,Colorado Avalanche
259,26,929,819,46.9,4.0,-10.2,688,634,48.0,5.4,47,38,7.8,92.5,100.3,Erik Johnson,D,50.9,26,24:25,19:17,226.0,55.2,44.8,Colorado Avalanche
260,22,1264,1195,48.6,7.0,-2.4,905,874,49.1,6.6,82,34,9.3,90.5,99.8,Gabriel Landeskog,LW,61.3,52,18:30,15:19,349.0,56.1,43.9,Colorado Avalanche
261,19,937,918,49.5,7.5,-3.2,692,689,49.9,7.2,64,38,7.8,90.6,98.4,Nathan MacKinnon,C,59.4,45,17:03,14:30,323.0,50.9,49.1,Colorado Avalanche
262,26,268,177,39.8,-5.5,-6.9,204,140,40.7,-5.1,19,7,8.1,88.9,97.0,Jamie McGinn,LW,70.6,9,14:46,12:41,51.0,53.6,46.4,Colorado Avalanche
263,30,799,527,39.7,-4.9,-10.7,582,413,41.5,-3.6,82,6,8.2,93.1,101.3,Cody McLeod,LW,70.1,11,11:11,9:15,134.0,54.4,45.6,Colorado Avalanche
264,30,1035,758,42.3,-1.7,-8.5,723,550,43.2,-2.1,68,18,8.5,91.3,99.8,John Mitchell,C,51.7,38,15:51,13:58,203.0,55.7,44.3,Colorado Avalanche
265,23,1249,1116,47.2,4.7,-4.7,903,823,47.7,4.4,82,26,9.5,90.4,99.9,Ryan O'Reilly,C,62.6,98,19:43,15:05,273.0,55.5,44.5,Colorado Avalanche
266,26,906,793,46.7,3.0,-7.1,641,571,47.1,2.7,59,17,8.7,91.6,100.3,Zach Redmond,D,52.5,20,17:09,15:04,177.0,49.5,50.5,Colorado Avalanche
267,22,90,78,46.4,4.1,-0.3,66,56,45.9,2.0,11,1,13.3,90.0,103.3,Borna Rendulic,RW,54.5,5,9:24,9:09,11.0,45.9,54.1,Colorado Avalanche
268,22,27,18,40.0,-7.0,-0.6,23,15,39.5,-7.6,3,0,23.1,83.3,106.4,Michael Sgarbossa,C,33.3,0,7:06,6:54,6.0,35.7,64.3,Colorado Avalanche
269,21,10,8,44.4,5.0,0.2,10,7,41.2,4.3,1,0,14.3,87.5,101.8,Duncan Siemens,D,,0,14:00,14:00,0.0,33.3,66.7,Colorado Avalanche
270,21,5,4,44.4,-4.5,-0.2,4,4,50.0,0.7,1,1,0.0,100.0,100.0,Colin Smith,C,100.0,0,6:06,6:06,1.0,14.3,85.7,Colorado Avalanche
271,27,41,54,56.8,11.6,2.2,21,37,63.8,20.9,5,2,10.3,100.0,110.3,Karl Stollery,D,50.0,0,11:25,11:09,6.0,37.8,62.2,Colorado Avalanche
272,27,45,31,40.8,-4.2,-1.1,31,19,38.0,-6.5,3,2,14.3,90.0,104.3,Ben Street,C,57.1,1,11:36,11:36,7.0,38.5,61.5,Colorado Avalanche
273,35,1275,812,38.9,-5.8,-8.1,926,618,40.0,-5.9,65,22,8.5,93.4,101.9,Brad Stuart,D,50.0,15,20:19,17:15,128.0,57.9,42.1,Colorado Avalanche
274,30,708,557,44.0,-0.6,0.2,503,427,45.9,1.0,63,14,9.3,92.0,101.3,Maxime Talbot,C,62.9,37,14:00,11:13,116.0,53.8,46.2,Colorado Avalanche
275,35,1257,941,42.8,-1.4,-12.2,902,677,42.9,-2.4,80,33,10.7,91.5,102.2,Alex Tanguay,LW,61.5,34,18:10,14:07,169.0,54.5,45.5,Colorado Avalanche
276,24,47,41,46.6,-0.7,-0.3,33,32,49.2,2.4,7,2,4.2,91.7,95.8,Tomas Vincour,C,33.3,1,7:10,7:06,6.0,36.6,63.4,Colorado Avalanche
277,27,27,23,46.0,-3.8,-0.6,20,17,45.9,-4.1,3,3,0.0,81.3,81.3,Ryan Wilson,D,37.5,0,11:12,9:49,8.0,43.5,56.5,Colorado Avalanche
278,24,9,11,55.0,8.7,-0.7,8,5,38.5,-8.0,3,0,0.0,100.0,100.0,Luke Adam,C,0.0,0,6:27,6:21,1.0,70.0,30.0,Columbus Blue Jackets
279,20,71,74,51.0,2.2,-1.2,58,50,46.3,-2.2,6,3,7.1,90.5,97.6,Josh Anderson,RW,52.6,3,13:27,13:26,19.0,53.5,46.5,Columbus Blue Jackets
280,26,586,608,50.9,3.2,-1.8,449,459,50.6,3.0,52,21,9.0,89.3,98.3,Artem Anisimov,C,50.3,24,16:22,12:45,175.0,55.3,44.7,Columbus Blue Jackets
281,25,1062,1009,48.7,1.7,-5.4,815,758,48.2,1.4,78,22,7.3,93.0,100.3,Cam Atkinson,RW,62.9,40,16:59,13:38,337.0,49.9,50.1,Columbus Blue Jackets
282,28,514,303,37.1,-11.8,-13.0,394,223,36.1,-12.5,72,7,6.6,91.8,98.4,Jared Boll,RW,50.9,5,7:16,7:14,55.0,52.5,47.5,Columbus Blue Jackets
283,33,129,103,44.4,-5.9,-2.5,99,79,44.4,-3.2,8,3,7.3,92.5,99.8,Rene Bourque,RW,65.7,0,14:60,13:39,35.0,52.3,47.7,Columbus Blue Jackets
284,25,671,609,47.6,-0.1,-5.7,526,471,47.2,-0.2,56,19,8.5,92.1,100.6,Matt Calvert,LW,59.6,26,15:60,13:05,156.0,57.8,42.2,Columbus Blue Jackets
285,22,314,185,37.1,-10.9,-8.4,228,147,39.2,-8.2,33,3,4.7,92.4,97.1,Michael Chaput,C,57.5,4,10:12,9:03,40.0,58.3,41.7,Columbus Blue Jackets
286,30,36,30,45.5,-6.3,-0.9,26,19,42.2,-10.1,3,0,0.0,95.0,95.0,David Clarkson,RW,22.2,0,12:18,10:47,9.0,46.7,53.3,Columbus Blue Jackets
287,26,70,58,45.3,-1.6,-1.6,57,44,43.6,-3.4,8,0,12.0,92.9,104.9,Sean Collins,C,57.1,0,10:20,10:17,7.0,47.1,52.9,Columbus Blue Jackets
288,24,819,747,47.7,2.0,-5.7,636,554,46.6,0.9,54,31,9.6,91.4,101.0,Kevin Connauton,D,47.8,10,16:50,15:01,180.0,48.2,51.8,Columbus Blue Jackets
289,29,165,114,40.9,-5.1,-5.3,130,84,39.3,-7.1,17,3,1.6,90.6,92.3,Adam Cracknell,RW,58.6,5,9:57,9:19,29.0,52.7,47.3,Columbus Blue Jackets
290,33,21,12,36.4,-5.3,-0.6,18,9,33.3,-4.8,2,0,12.5,93.3,105.8,Ryan Craig,C,66.7,0,7:17,7:17,3.0,44.4,55.6,Columbus Blue Jackets
291,20,363,432,54.3,6.5,7.4,286,326,53.3,5.7,35,7,10.3,93.5,103.8,Marko Dano,C,65.1,18,13:15,12:59,129.0,55.6,44.4,Columbus Blue Jackets
292,28,561,607,52.0,4.3,1.6,423,449,51.5,4.0,47,19,11.6,90.8,102.4,Brandon Dubinsky,C,58.6,19,18:04,13:41,169.0,53.1,46.9,Columbus Blue Jackets
293,23,250,266,51.6,4.3,1.1,195,202,50.9,4.2,19,2,5.1,92.6,97.7,Tim Erixon,D,39.2,3,16:58,12:53,51.0,39.4,60.6,Columbus Blue Jackets
294,26,57,46,44.7,-14.1,-0.6,49,37,43.0,-16.0,5,2,8.0,86.1,94.1,Justin Falk,D,66.7,1,15:13,13:28,12.0,47.5,52.5,Columbus Blue Jackets
295,27,1036,1098,51.5,5.3,10.2,793,839,51.4,5.9,79,23,11.2,91.4,102.6,Nick Foligno,LW,66.7,51,18:50,14:55,273.0,50.1,49.9,Columbus Blue Jackets
296,26,255,216,45.9,0.9,0.2,182,168,48.0,3.4,25,5,5.1,97.7,102.8,Brian Gibbons,C,55.3,7,13:49,11:16,38.0,50.6,49.4,Columbus Blue Jackets
297,25,444,448,50.2,1.4,2.2,344,343,49.9,1.3,36,14,9.4,95.5,104.9,Cody Goloubef,D,34.3,3,15:34,14:39,67.0,51.1,48.9,Columbus Blue Jackets
298,32,1026,1112,52.0,5.9,4.4,783,837,51.7,5.8,77,40,9.7,89.7,99.4,Scott Hartnell,LW,66.1,36,17:18,14:28,307.0,49.3,50.7,Columbus Blue Jackets
299,21,452,412,47.7,2.7,0.3,341,312,47.8,3.1,31,17,9.4,89.5,98.8,Boone Jenner,C,60.3,18,18:15,14:32,136.0,55.3,44.7,Columbus Blue Jackets
300,22,1226,1157,48.6,1.5,-0.4,945,886,48.4,1.8,82,53,9.6,90.3,99.9,Ryan Johansen,C,57.1,60,19:30,15:13,354.0,50.1,49.9,Columbus Blue Jackets
301,28,1374,1254,47.7,0.1,-6.2,1055,955,47.5,0.1,79,30,9.6,90.4,100.0,Jack Johnson,D,51.6,18,24:09,18:19,273.0,56.0,44.0,Columbus Blue Jackets
302,22,40,23,36.5,-1.9,-0.5,33,18,35.3,-6.2,3,0,18.8,95.8,114.6,William Karlsson,C,100.0,1,12:46,12:37,5.0,60.0,40.0,Columbus Blue Jackets
303,34,284,192,40.3,-4.7,-4.4,217,145,40.1,-5.8,18,4,5.1,92.9,98.0,Jordan Leopold,D,60.0,2,17:15,15:56,35.0,63.4,36.6,Columbus Blue Jackets
304,29,525,382,42.1,-8.5,-7.9,408,290,41.5,-8.7,54,7,7.1,91.3,98.4,Mark Letestu,C,62.4,21,13:20,10:09,101.0,57.3,42.7,Columbus Blue Jackets
305,23,265,263,49.8,3.1,-0.9,213,205,49.0,2.9,28,7,8.0,91.7,99.7,Jeremy Morin,RW,66.2,11,11:31,11:12,68.0,49.5,50.5,Columbus Blue Jackets
306,21,167,170,50.4,2.1,2.7,129,139,51.9,3.7,12,2,7.3,91.5,98.8,Ryan Murray,D,47.1,5,18:55,16:25,17.0,50.3,49.7,Columbus Blue Jackets
307,24,894,782,46.7,-1.0,-12.9,687,603,46.7,-0.1,63,18,6.7,91.6,98.3,Dalton Prout,D,49.2,3,18:25,16:01,130.0,55.3,44.7,Columbus Blue Jackets
308,20,50,37,42.5,7.7,1.0,33,30,47.6,12.4,5,1,13.6,100.0,113.6,Kerby Rychel,LW,40.0,2,10:42,10:36,10.0,46.9,53.1,Columbus Blue Jackets
309,24,1427,1255,46.8,-1.4,-1.2,1084,961,47.0,-0.5,82,22,9.1,91.9,101.0,David Savard,D,45.2,14,22:57,18:03,248.0,57.0,43.0,Columbus Blue Jackets
310,27,555,458,45.2,-0.9,-8.6,424,354,45.5,-0.6,45,2,4.6,91.1,95.7,Jack Skille,RW,65.1,17,12:31,12:09,146.0,56.7,43.3,Columbus Blue Jackets
311,29,42,43,50.6,2.1,-0.6,34,29,46.0,1.1,4,0,4.8,91.7,96.4,Frédéric St. Denis,D,25.0,0,23:57,15:45,8.0,65.8,34.2,Columbus Blue Jackets
312,25,534,333,38.4,-10.9,-8.8,388,245,38.7,-9.8,61,10,6.0,92.0,98.0,Corey Tropp,RW,47.8,12,8:45,8:41,46.0,52.6,47.4,Columbus Blue Jackets
313,25,32,13,28.9,-29.4,-1.9,25,7,21.9,-34.2,3,0,0.0,94.7,94.7,Dana Tyrell,C,100.0,0,6:56,6:56,1.0,35.7,64.3,Columbus Blue Jackets
314,31,1024,868,45.9,-3.9,-10.9,778,654,45.7,-3.3,67,23,9.1,93.0,102.1,Fedor Tyutin,D,42.7,10,19:55,16:38,131.0,51.7,48.3,Columbus Blue Jackets
315,20,744,723,49.3,0.2,-3.7,579,532,47.9,-0.8,68,11,6.3,89.9,96.2,Alexander Wennberg,C,59.0,25,15:37,12:21,144.0,52.5,47.5,Columbus Blue Jackets
316,30,916,883,49.1,3.2,-7.3,695,644,48.1,1.7,56,22,8.0,90.3,98.3,James Wisniewski,D,47.7,11,21:25,16:10,266.0,46.5,53.5,Columbus Blue Jackets
317,25,1160,1375,54.2,3.2,3.6,882,1001,53.2,1.4,82,50,10.9,88.3,99.2,Jamie Benn,LW,54.3,76,19:57,14:54,466.0,45.4,54.6,Dallas Stars
318,27,985,1148,53.8,2.8,8.8,707,837,54.2,3.3,73,44,8.2,89.4,97.7,Jordie Benn,D,37.8,16,18:03,15:33,185.0,50.8,49.2,Dallas Stars
319,36,685,680,49.8,-1.3,4.8,500,498,49.9,-1.8,57,27,10.0,92.3,102.4,Erik Cole,LW,55.4,23,14:31,12:20,177.0,43.9,56.1,Dallas Stars
320,24,86,105,55.0,7.3,0.1,67,75,52.8,2.6,8,2,13.2,92.9,106.1,Kevin Connauton,D,52.6,1,12:05,11:24,19.0,36.2,63.8,Dallas Stars
321,31,1297,1131,46.6,-8.4,-6.4,955,849,47.1,-8.2,68,32,9.6,89.4,99.0,Trevor Daley,D,46.3,29,22:53,17:12,244.0,46.6,53.4,Dallas Stars
322,26,825,1019,55.3,3.5,9.3,587,743,55.9,4.3,61,38,8.4,90.2,98.6,Jason Demers,D,42.5,28,19:26,15:53,186.0,52.1,47.9,Dallas Stars
323,24,345,361,51.1,1.7,-0.8,250,277,52.6,3.3,20,14,6.7,91.3,98.0,Brenden Dillon,D,25.0,4,20:37,18:27,64.0,51.2,48.8,Dallas Stars
324,23,1079,1096,50.4,-2.6,-2.6,769,800,51.0,-1.8,78,41,10.0,89.2,99.3,Cody Eakin,C,52.8,68,17:12,13:53,267.0,55.2,44.8,Dallas Stars
325,30,515,607,54.1,1.9,7.5,365,464,56.0,3.9,47,10,11.0,90.6,101.6,Patrick Eaves,RW,50.0,18,13:44,11:33,182.0,43.3,56.7,Dallas Stars
326,34,805,783,49.3,-3.5,0.2,576,588,50.5,-2.2,80,21,8.6,89.1,97.7,Vernon Fiddler,C,58.1,32,13:08,10:29,227.0,55.0,45.0,Dallas Stars
327,29,811,794,49.5,-2.9,0.2,566,598,51.4,-1.1,67,21,9.0,88.8,97.8,Ryan Garbutt,LW,54.2,27,13:34,11:54,264.0,58.7,41.3,Dallas Stars
328,29,1447,1637,53.1,1.6,11.2,1046,1199,53.4,1.9,81,83,9.4,89.7,99.1,Alex Goligoski,D,43.3,30,23:49,18:46,282.0,50.9,49.1,Dallas Stars
329,40,43,46,51.7,-0.6,0.6,30,33,52.4,-3.1,3,1,8.7,85.0,93.7,Sergei Gonchar,D,50.0,0,13:02,12:29,2.0,41.4,58.6,Dallas Stars
330,31,867,953,52.4,0.3,4.4,639,682,51.6,-0.9,76,37,8.3,89.8,98.1,Ales Hemsky,RW,54.9,30,13:38,11:39,255.0,41.5,58.5,Dallas Stars
331,36,702,790,52.9,1.2,2.1,535,568,51.5,-0.6,76,22,8.3,93.9,102.1,Shawn Horcoff,C,54.7,20,13:01,10:29,150.0,48.6,51.4,Dallas Stars
332,23,780,782,50.1,-4.0,-1.6,579,580,50.0,-3.8,51,37,9.1,90.5,99.6,Jyrki Jokipakka,D,39.6,16,16:31,15:29,101.0,43.4,56.6,Dallas Stars
333,22,1163,1344,53.6,2.4,7.3,854,967,53.1,1.5,65,59,9.5,90.8,100.3,John Klingberg,D,41.4,32,21:50,18:45,237.0,50.0,50.0,Dallas Stars
334,23,382,397,51.0,-2.5,-3.8,290,282,49.3,-3.3,36,13,4.2,92.6,96.8,Curtis McKenzie,LW,53.2,10,11:32,11:26,77.0,45.7,54.3,Dallas Stars
335,32,280,239,46.1,-3.6,-0.3,202,186,47.9,-3.1,34,6,10.9,89.2,100.1,Travis Moen,LW,57.1,4,9:03,8:51,42.0,60.1,39.9,Dallas Stars
336,31,46,78,62.9,6.7,1.4,29,47,61.8,6.1,6,1,3.0,100.0,103.0,Travis Morin,C,47.6,2,12:06,10:47,21.0,34.1,65.9,Dallas Stars
337,22,296,342,53.6,-1.0,-0.3,216,240,52.6,-2.3,22,8,7.7,91.8,99.5,Patrik Nemeth,D,39.0,3,16:13,14:59,41.0,42.9,57.1,Dallas Stars
338,19,92,88,48.9,-3.7,1.0,67,67,50.0,-4.8,8,6,7.0,83.7,90.7,Valeri Nichushkin,RW,31.6,5,13:46,13:09,19.0,41.2,58.8,Dallas Stars
339,22,438,422,49.1,-3.0,-2.8,323,315,49.4,-3.5,36,22,10.7,88.9,99.6,Jamie Oleksiak,D,59.0,9,13:24,12:16,61.0,45.9,54.1,Dallas Stars
340,22,8,13,61.9,4.3,0.0,5,9,64.3,8.1,1,0,0.0,100.0,100.0,Brendan Ranford,LW,0.0,0,9:19,9:19,2.0,11.1,88.9,Dallas Stars
341,21,300,377,55.7,1.7,1.5,233,269,53.6,0.2,31,10,7.0,92.4,99.4,Brett Ritchie,RW,56.1,9,13:59,11:41,139.0,44.7,55.3,Dallas Stars
342,25,997,1024,50.7,-2.1,2.7,686,751,52.3,-0.2,80,38,7.5,88.6,96.1,Antoine Roussel,LW,54.9,31,14:31,12:06,206.0,56.2,43.8,Dallas Stars
343,25,742,848,53.3,0.7,7.6,515,611,54.3,1.6,71,21,8.6,90.8,99.4,Colton Sceviour,C,49.1,24,12:43,11:21,230.0,49.5,50.5,Dallas Stars
344,27,100,73,42.2,-10.1,-1.6,78,54,40.9,-14.1,5,3,12.8,90.6,103.4,David Schlemko,D,42.9,2,14:25,13:43,14.0,56.3,43.8,Dallas Stars
345,23,1043,1235,54.2,3.8,3.7,794,912,53.5,2.0,71,45,10.5,89.4,99.8,Tyler Seguin,C,54.2,45,19:33,15:37,517.0,45.0,55.0,Dallas Stars
346,31,1022,1258,55.2,4.3,10.6,764,927,54.8,3.6,82,75,8.7,89.4,98.1,Jason Spezza,C,49.5,51,17:13,13:30,412.0,40.4,59.6,Dallas Stars
347,27,704,909,56.4,4.0,9.7,540,668,55.3,4.1,71,29,9.7,90.5,100.2,Justin Abdelkader,LW,65.0,16,17:55,14:10,237.0,36.4,63.6,Detroit Red Wings
348,25,556,434,43.8,-11.8,-8.6,411,325,44.2,-9.8,68,13,6.0,93.5,99.5,Joakim Andersson,C,71.8,8,11:38,9:21,103.0,61.2,38.8,Detroit Red Wings
349,36,110,129,54.0,2.9,-1.5,83,96,53.6,2.9,17,1,3.2,90.2,93.3,Dan Cleary,RW,60.7,2,9:08,8:40,28.0,39.0,61.0,Detroit Red Wings
350,36,93,122,56.7,5.3,2.5,72,105,59.3,10.2,11,1,9.5,87.9,97.4,Erik Cole,LW,66.7,1,14:40,12:21,36.0,31.9,68.1,Detroit Red Wings
351,36,693,1067,60.6,9.7,15.5,557,771,58.1,8.1,63,29,9.8,90.0,99.9,Pavel Datsyuk,C,56.8,59,19:03,16:04,292.0,41.1,58.9,Detroit Red Wings
352,24,1042,1231,54.2,0.8,7.3,796,912,53.4,1.4,80,38,9.4,91.3,100.7,Danny DeKeyser,D,41.0,14,20:56,17:18,217.0,47.8,52.2,Detroit Red Wings
353,30,1142,1138,49.9,-5.4,-1.8,897,851,48.7,-5.5,82,58,7.7,91.7,99.3,Jonathan Ericsson,D,45.8,13,19:35,16:45,179.0,51.9,48.1,Detroit Red Wings
354,23,32,22,40.7,-7.8,-1.1,20,15,42.9,-2.0,3,0,8.3,100.0,108.3,Landon Ferraro,C,66.7,3,11:59,11:58,6.0,59.1,40.9,Detroit Red Wings
355,35,335,388,53.7,-0.5,-1.5,270,292,52.0,-1.7,33,17,5.9,89.4,95.4,Johan Franzen,C,58.7,4,16:04,12:48,126.0,36.7,63.3,Detroit Red Wings
356,25,835,644,43.5,-12.8,-10.6,624,489,43.9,-10.8,82,14,8.0,94.3,102.3,Luke Glendening,C,68.9,26,14:43,11:12,151.0,65.4,34.6,Detroit Red Wings
357,28,729,983,57.4,5.3,6.9,589,712,54.7,3.1,75,22,8.7,91.6,100.2,Darren Helm,C,59.4,33,15:50,12:50,271.0,44.4,55.6,Detroit Red Wings
358,22,482,594,55.2,2.5,3.6,371,445,54.5,2.9,63,16,7.4,92.9,100.3,Tomas Jurco,RW,54.4,19,11:31,10:23,169.0,47.8,52.2,Detroit Red Wings
359,27,359,472,56.8,2.9,3.7,281,350,55.5,1.7,35,22,7.1,92.7,99.8,Jakub Kindl,D,45.8,2,15:55,13:55,118.0,33.0,67.0,Detroit Red Wings
360,34,1200,1219,50.4,-4.9,5.3,949,908,48.9,-5.4,80,52,8.5,91.6,100.1,Niklas Kronwall,D,47.2,11,23:50,17:46,216.0,48.1,51.9,Detroit Red Wings
361,24,113,113,50.0,-0.8,-1.6,79,86,52.1,2.2,11,2,9.8,96.9,106.8,Brian Lashoff,D,58.3,3,13:17,11:51,12.0,31.7,68.3,Detroit Red Wings
362,23,127,178,58.4,8.6,-0.2,93,126,57.5,8.8,13,4,6.6,91.9,98.5,Alexey Marchenko,D,36.8,4,15:26,14:34,19.0,35.7,64.3,Detroit Red Wings
363,30,759,547,41.9,-14.4,-10.5,575,418,42.1,-12.9,82,11,7.3,93.6,100.9,Drew Miller,LW,65.3,24,13:26,10:12,150.0,65.3,34.7,Detroit Red Wings
364,23,68,114,62.6,12.6,1.5,52,81,60.9,11.3,13,1,1.7,89.5,91.2,Andrej Nestrasil,C,61.5,4,11:03,8:41,26.0,37.3,62.7,Detroit Red Wings
365,25,885,1031,53.8,0.4,-1.1,704,743,51.3,-1.3,82,32,8.2,90.3,98.5,Gustav Nyquist,C,57.2,34,16:39,13:38,341.0,38.8,61.2,Detroit Red Wings
366,21,229,303,57.0,4.2,1.7,167,229,57.8,7.8,21,8,9.0,92.6,101.7,Xavier Ouellet,D,40.9,2,16:23,15:42,66.0,38.7,61.3,Detroit Red Wings
367,23,217,298,57.9,5.1,1.7,164,208,55.9,4.1,31,4,6.9,96.2,103.1,Teemu Pulkkinen,LW,49.6,2,11:29,9:04,135.0,36.7,63.3,Detroit Red Wings
368,29,994,1103,52.6,-1.1,1.2,775,793,50.6,-2.0,73,24,8.8,92.9,101.8,Kyle Quincey,D,41.5,15,19:29,17:06,217.0,47.4,52.6,Detroit Red Wings
369,23,750,917,55.0,1.7,8.7,581,683,54.0,2.0,79,28,7.1,91.2,98.3,Riley Sheahan,C,56.1,22,15:39,12:40,221.0,41.4,58.6,Detroit Red Wings
370,25,899,1123,55.5,2.5,1.1,700,830,54.2,2.4,76,47,6.6,91.9,98.5,Brendan Smith,D,47.1,19,17:53,16:26,187.0,41.0,59.0,Detroit Red Wings
371,24,800,1186,59.7,8.8,15.5,642,858,57.2,7.0,82,40,8.8,90.9,99.7,Tomas Tatar,C,51.3,27,16:13,13:45,413.0,40.3,59.7,Detroit Red Wings
372,31,382,421,52.4,-1.9,0.0,302,316,51.1,-1.6,52,18,8.4,92.4,100.9,Stephen Weiss,C,57.6,9,11:21,9:13,92.0,43.3,56.7,Detroit Red Wings
373,34,925,1105,54.4,1.4,4.3,732,835,53.3,1.5,77,29,8.9,90.1,99.0,Henrik Zetterberg,LW,54.0,37,19:07,15:48,420.0,38.4,61.6,Detroit Red Wings
374,37,235,311,57.0,6.1,-0.2,185,236,56.1,6.7,21,7,6.8,91.9,98.7,Marek Zidlicky,D,46.6,2,18:02,15:21,58.0,38.6,61.4,Detroit Red Wings
375,27,26,21,44.7,-9.8,-0.2,14,16,53.3,1.9,3,0,11.1,70.0,81.1,Will Acton,C,66.7,2,10:43,9:21,3.0,89.5,10.5,Edmonton Oilers
376,26,418,430,50.7,1.1,-4.3,318,303,48.8,-0.4,36,21,7.3,89.9,97.1,Mark Arcobello,C,50.5,22,15:23,13:20,107.0,39.0,61.0,Edmonton Oilers
377,25,447,345,43.6,-5.3,-4.6,327,252,43.5,-4.8,31,12,10.1,90.2,100.3,Keith Aulie,D,42.4,4,14:18,13:35,59.0,55.6,44.4,Edmonton Oilers
378,23,166,134,44.7,-2.9,-1.9,109,101,48.1,1.9,12,4,9.8,86.4,96.3,Brandon Davidson,D,35.0,0,15:08,13:44,20.0,53.0,47.0,Edmonton Oilers
379,19,366,405,52.5,3.2,-1.0,280,320,53.3,5.3,37,16,5.0,87.7,92.7,Leon Draisaitl,C,63.6,14,12:42,10:51,77.0,21.0,79.0,Edmonton Oilers
380,24,1212,1262,51.0,4.1,-1.7,909,887,49.4,2.5,81,73,9.2,89.0,98.2,Jordan Eberle,RW,60.3,37,19:03,16:21,302.0,36.3,63.7,Edmonton Oilers
381,27,1076,899,45.5,-4.2,-10.1,767,627,45.0,-4.0,74,49,6.5,89.6,96.2,Mark Fayne,D,42.2,21,17:56,15:14,185.0,57.9,42.1,Edmonton Oilers
382,35,1192,992,45.4,-4.2,-22.4,925,722,43.8,-5.6,70,38,8.5,91.3,99.8,Andrew Ference,D,35.2,12,18:53,16:55,165.0,57.9,42.1,Edmonton Oilers
383,24,403,310,43.5,-3.2,-9.4,296,230,43.7,-2.6,36,10,7.5,89.5,97.0,Matt Fraser,RW,66.3,7,11:41,10:58,95.0,50.0,50.0,Edmonton Oilers
384,25,286,210,42.3,-5.6,-5.2,197,149,43.1,-4.2,40,7,5.8,92.0,97.8,Luke Gazdic,LW,56.5,1,7:23,7:23,46.0,44.9,55.1,Edmonton Oilers
385,31,671,529,44.1,-5.4,-6.4,453,391,46.3,-2.0,68,19,6.2,92.1,98.3,Boyd Gordon,C,57.0,21,13:20,10:25,114.0,78.3,21.7,Edmonton Oilers
386,23,834,865,50.9,4.4,-8.5,629,582,48.1,1.1,53,56,10.5,90.4,100.9,Taylor Hall,LW,50.5,35,19:12,16:27,311.0,43.5,56.5,Edmonton Oilers
387,23,17,4,19.0,-19.9,-0.7,12,2,14.3,-24.5,1,0,0.0,100.0,100.0,Curtis Hamilton,LW,,0,8:01,7:43,0.0,36.4,63.6,Edmonton Oilers
388,29,193,138,41.7,-6.7,-4.2,149,102,40.6,-7.7,16,3,4.1,90.6,94.7,Ryan Hamilton,LW,60.0,2,13:13,11:57,20.0,55.0,45.0,Edmonton Oilers
389,33,741,610,45.2,-4.9,-7.8,504,452,47.3,-1.6,71,15,6.0,89.7,95.8,Matt Hendricks,LW,59.9,31,13:09,10:43,172.0,76.0,24.0,Edmonton Oilers
390,26,178,167,48.4,-0.3,-0.6,130,116,47.2,-0.9,11,6,7.5,86.9,94.4,Brad Hunt,D,40.8,6,19:29,16:14,49.0,45.7,54.3,Edmonton Oilers
391,27,188,160,46.0,-4.5,-3.8,130,122,48.4,-0.5,20,4,3.7,87.0,90.7,Jesse Joensuu,LW,60.0,9,10:38,9:44,30.0,87.6,12.4,Edmonton Oilers
392,21,1073,1071,50.0,4.3,-6.3,794,800,50.2,5.0,60,48,7.4,88.3,95.6,Oscar Klefbom,D,43.2,48,21:60,19:47,227.0,42.2,57.8,Edmonton Oilers
393,28,402,320,44.3,-4.0,-5.2,272,246,47.5,-0.2,40,8,6.1,90.7,96.8,Rob Klinkhammer,C,49.2,9,11:05,10:56,63.0,69.6,30.4,Edmonton Oilers
394,23,448,436,49.3,2.9,-2.1,341,333,49.4,3.0,38,18,7.0,88.4,95.3,Anton Lander,C,69.3,8,15:01,12:05,88.0,51.2,48.8,Edmonton Oilers
395,22,656,632,49.1,0.5,-0.3,476,445,48.3,-0.6,41,38,5.8,92.7,98.6,Martin Marincin,D,33.3,16,18:39,16:49,114.0,56.9,43.1,Edmonton Oilers
396,26,134,117,46.6,-5.1,0.1,102,100,49.5,-4.4,9,6,7.2,87.7,94.9,Andrew Miller,C,61.9,3,13:45,13:44,21.0,57.6,42.4,Edmonton Oilers
397,21,86,71,45.2,0.7,-1.6,65,48,42.5,-4.3,4,2,12.9,87.5,100.4,David Musil,D,42.9,1,19:48,18:15,7.0,52.5,47.5,Edmonton Oilers
398,28,627,603,49.0,-0.7,-1.9,453,446,49.6,0.4,42,35,6.6,89.0,95.6,Nikita Nikitin,D,53.7,17,19:38,16:11,149.0,48.8,51.2,Edmonton Oilers
399,21,1156,1161,50.1,2.7,-3.4,867,807,48.2,0.7,76,43,9.7,88.9,98.6,Ryan Nugent-Hopkins,C,52.6,54,20:38,16:17,359.0,37.1,62.9,Edmonton Oilers
400,19,26,33,55.9,4.1,0.0,23,26,53.1,3.7,2,0,9.1,73.3,82.4,Darnell Nurse,D,50.0,0,16:60,16:24,4.0,20.0,80.0,Edmonton Oilers
401,22,73,72,49.7,3.3,-0.6,54,53,49.5,3.8,6,1,2.6,88.2,90.8,Jordan Oesterle,D,43.8,2,14:42,13:35,16.0,40.0,60.0,Edmonton Oilers
402,23,142,132,48.2,0.8,-1.6,110,101,47.9,0.6,17,2,1.4,93.9,95.3,Iiro Pakarinen,RW,64.2,0,10:08,9:14,53.0,39.3,60.7,Edmonton Oilers
403,26,470,508,51.9,3.2,-3.6,346,363,51.2,3.3,38,21,7.3,87.6,94.9,David Perron,LW,57.8,13,16:60,14:26,128.0,37.5,62.5,Edmonton Oilers
404,27,997,967,49.2,1.4,-15.5,757,687,47.6,0.2,59,64,6.3,90.0,96.3,Jeff Petry,D,44.2,29,20:57,18:11,233.0,56.4,43.6,Edmonton Oilers
405,30,125,111,47.0,-3.2,0.8,88,77,46.7,-2.2,18,1,10.3,90.9,101.3,Steve Pinizzotto,RW,88.2,2,7:56,7:39,17.0,64.2,35.8,Edmonton Oilers
406,23,187,188,50.1,4.7,-1.0,130,142,52.2,7.6,17,6,6.3,91.2,97.4,Tyler Pitlick,RW,45.0,4,12:27,12:12,40.0,58.1,41.9,Edmonton Oilers
407,28,731,751,50.7,3.1,-4.0,571,542,48.7,1.2,58,36,10.0,90.5,100.5,Benoit Pouliot,LW,60.3,40,16:37,13:26,174.0,39.8,60.2,Edmonton Oilers
408,29,1084,1074,49.8,2.1,-7.4,814,780,48.9,1.6,82,35,5.9,88.8,94.8,Teddy Purcell,RW,54.1,46,17:10,13:47,270.0,41.2,58.8,Edmonton Oilers
409,31,668,621,48.2,1.7,-3.0,504,450,47.2,0.6,46,18,8.2,89.2,97.4,Derek Roy,C,59.1,28,16:53,15:01,132.0,46.2,53.8,Edmonton Oilers
410,24,1459,1485,50.4,3.7,-4.6,1088,1108,50.5,4.6,81,69,8.6,89.4,98.0,Justin Schultz,D,40.5,20,22:36,19:27,301.0,36.9,63.1,Edmonton Oilers
411,20,5,8,61.5,8.7,-0.3,5,5,50.0,-3.4,1,0,0.0,66.7,66.7,Bogdan Yakimov,C,100.0,0,11:19,11:19,1.0,0.0,100.0,Edmonton Oilers
412,21,1099,963,46.7,-2.3,-9.1,833,708,45.9,-2.6,81,55,6.1,89.1,95.3,Nail Yakupov,RW,56.7,34,15:26,13:32,337.0,39.0,61.0,Edmonton Oilers
413,19,851,954,52.9,2.7,3.7,647,705,52.1,2.2,71,27,7.5,91.4,98.9,Aleksander Barkov,C,61.8,42,17:30,14:49,199.0,51.0,49.0,Florida Panthers
414,30,405,497,55.1,3.1,4.1,326,393,54.7,2.9,39,7,7.6,91.9,99.5,Sean Bergenheim,LW,57.5,27,14:09,13:14,146.0,48.2,51.8,Florida Panthers
415,22,877,917,51.1,0.0,8.0,661,701,51.5,0.8,72,28,7.4,91.4,98.8,Nick Bjugstad,C,63.7,23,16:35,13:40,325.0,47.2,52.8,Florida Panthers
416,28,622,598,49.0,-3.5,-2.1,486,465,48.9,-3.0,53,10,9.2,92.0,101.2,Dave Bolland,C,59.4,26,16:20,13:08,128.0,56.8,43.2,Florida Panthers
417,32,871,931,51.7,0.7,-1.2,647,710,52.3,1.9,78,31,8.9,92.2,101.1,Brad Boyes,RW,57.9,41,15:39,13:32,261.0,49.6,50.4,Florida Panthers
418,35,1221,1468,54.6,5.2,8.1,948,1107,53.9,4.5,82,34,7.1,92.3,99.4,Brian Campbell,D,53.9,16,23:12,19:07,219.0,38.6,61.4,Florida Panthers
419,18,1194,1416,54.3,4.4,9.7,932,1080,53.7,4.0,81,41,8.0,92.8,100.7,Aaron Ekblad,D,48.4,26,21:48,18:31,351.0,38.8,61.2,Florida Panthers
420,30,577,570,49.7,-1.8,5.7,453,438,49.2,-2.2,52,13,9.9,93.8,103.6,Tomas Fleischmann,LW,57.2,26,14:51,12:41,187.0,49.3,50.7,Florida Panthers
421,21,62,85,57.8,12.6,0.3,47,65,58.0,13.1,7,0,4.2,93.8,97.9,Rocco Grimaldi,C,69.2,3,12:37,12:14,26.0,54.2,45.8,Florida Panthers
422,23,1064,1052,49.7,-2.8,-3.3,816,812,49.9,-2.1,76,33,7.3,92.6,99.9,Erik Gudbranson,D,48.0,6,18:36,15:29,229.0,57.4,42.6,Florida Panthers
423,25,834,897,51.8,0.9,-1.1,671,695,50.9,0.1,72,19,8.4,91.8,100.2,Jimmy Hayes,RW,66.9,22,15:08,13:04,248.0,43.3,56.7,Florida Panthers
424,21,946,1064,52.9,2.2,6.8,718,793,52.5,1.9,79,23,9.2,92.5,101.7,Jonathan Huberdeau,LW,64.2,34,16:45,14:14,265.0,48.9,51.1,Florida Panthers
425,42,239,300,55.7,3.8,4.1,188,219,53.8,2.4,20,12,9.9,93.1,103.0,Jaromir Jagr,RW,49.5,7,17:15,14:40,101.0,53.3,46.7,Florida Panthers
426,31,901,932,50.8,-0.3,0.9,677,707,51.1,0.5,81,26,8.5,91.0,99.5,Jussi Jokinen,LW,61.8,29,16:44,12:42,217.0,49.0,51.0,Florida Panthers
427,26,350,341,49.3,-1.4,-0.3,257,252,49.5,0.5,25,6,5.9,92.8,98.7,Steven Kampfer,D,42.4,6,17:12,15:43,66.0,54.7,45.3,Florida Panthers
428,32,609,550,47.5,-4.3,-3.9,464,415,47.2,-4.6,64,12,3.6,91.3,94.9,Tomas Kopecky,RW,57.6,11,12:54,10:26,184.0,53.7,46.3,Florida Panthers
429,24,1086,1109,50.5,-2.1,6.8,830,852,50.7,-1.3,73,26,7.6,91.8,99.5,Dmitry Kulikov,D,45.4,17,21:19,17:12,183.0,56.6,43.4,Florida Panthers
430,33,703,655,48.2,-3.8,-5.5,533,479,47.3,-4.5,82,12,4.1,91.6,95.7,Derek MacKenzie,C,58.1,26,12:27,9:50,124.0,53.5,46.5,Florida Panthers
431,37,1107,1069,49.1,-4.3,1.3,836,799,48.9,-4.4,66,34,8.1,91.9,100.0,Willie Mitchell,D,42.6,17,21:41,18:12,183.0,61.0,39.0,Florida Panthers
432,31,114,79,40.9,-6.6,-0.7,81,61,43.0,-4.4,9,3,6.1,87.0,93.2,Shane O'Brien,D,80.0,0,13:29,12:45,5.0,44.0,56.0,Florida Panthers
433,24,550,514,48.3,-4.7,-4.9,416,398,48.9,-4.4,44,9,7.2,91.4,98.6,Dylan Olsen,D,48.4,9,15:54,13:23,91.0,51.3,48.7,Florida Panthers
434,22,461,429,48.2,-2.7,1.1,365,310,45.9,-4.8,33,12,6.8,92.3,99.1,Alexander Petrovic,D,48.3,4,16:16,15:17,60.0,46.5,53.5,Florida Panthers
435,23,555,603,52.1,0.5,1.2,438,467,51.6,0.3,49,12,6.8,94.7,101.5,Brandon Pirri,C,58.8,18,14:46,12:56,243.0,42.7,57.3,Florida Panthers
436,24,70,73,51.0,7.1,1.2,50,57,53.3,7.5,7,1,4.8,90.3,95.1,Colby Robak,D,60.0,1,12:58,12:58,10.0,45.5,54.5,Florida Panthers
437,37,367,354,49.1,-2.2,-4.1,286,258,47.4,-3.7,46,5,3.8,90.9,94.6,Shawn Thornton,LW,62.4,10,9:35,9:30,85.0,50.4,49.6,Florida Panthers
438,21,553,628,53.2,1.9,5.4,422,482,53.3,1.9,50,8,9.7,92.3,102.0,Vincent Trocheck,C,60.5,21,14:00,12:55,147.0,44.4,55.6,Florida Panthers
439,31,581,597,50.7,-0.4,4.6,439,459,51.1,0.3,63,7,4.9,92.0,96.9,Scottie Upshall,LW,57.1,19,12:41,10:56,163.0,50.6,49.4,Florida Panthers
440,23,16,19,54.3,3.2,0.4,10,13,56.5,8.5,2,0,0.0,75.0,75.0,Garrett Wilson,LW,62.5,0,8:51,8:40,8.0,54.5,45.5,Florida Panthers
441,23,139,124,47.1,-7.1,-1.6,109,90,45.2,-7.7,18,4,4.8,97.3,102.1,Andy Andreoff,C,50.0,7,8:33,8:28,28.0,40.6,59.4,Los Angeles Kings
442,30,922,1071,53.7,-1.0,0.2,692,791,53.3,-0.5,82,44,5.6,90.4,96.0,Dustin Brown,RW,55.0,27,16:31,13:39,333.0,47.7,52.3,Los Angeles Kings
443,30,967,1201,55.4,1.5,10.8,745,905,54.8,1.9,82,42,8.9,90.4,99.2,Jeff Carter,C,51.5,29,17:58,13:44,410.0,45.0,55.0,Los Angeles Kings
444,24,660,774,54.0,-0.3,2.3,501,567,53.1,-0.5,80,20,7.5,92.6,100.1,Kyle Clifford,LW,60.7,17,10:44,10:34,191.0,44.7,55.3,Los Angeles Kings
445,25,1532,1901,55.4,1.6,12.3,1173,1427,54.9,2.1,82,80,7.4,90.9,98.3,Drew Doughty,D,48.7,12,28:60,22:47,450.0,47.1,52.9,Los Angeles Kings
446,32,735,1024,58.2,4.8,14.8,555,759,57.8,4.9,69,43,9.3,89.6,98.9,Marian Gaborik,RW,60.4,18,16:55,14:02,288.0,44.7,55.3,Los Angeles Kings
447,31,955,1101,53.6,-1.2,3.8,716,815,53.2,-0.6,82,48,7.2,91.6,98.8,Matt Greene,D,40.1,8,15:48,13:42,177.0,43.4,56.6,Los Angeles Kings
448,25,891,1044,54.0,-0.6,3.5,705,782,52.6,-1.4,81,23,6.7,92.2,98.9,Dwight King,LW,63.8,20,14:24,13:02,199.0,47.3,52.7,Los Angeles Kings
449,27,905,1229,57.6,4.3,11.1,680,915,57.4,5.0,79,47,8.0,89.1,97.1,Anze Kopitar,C,53.1,27,19:22,14:47,245.0,47.5,52.5,Los Angeles Kings
450,28,690,868,55.7,1.2,3.2,508,640,55.7,1.9,73,7,6.7,93.3,100.0,Trevor Lewis,C,65.1,16,14:07,12:21,218.0,42.0,58.0,Los Angeles Kings
451,27,797,887,52.7,-2.8,0.3,596,650,52.2,-2.7,56,38,9.5,92.2,101.8,Alec Martinez,D,44.6,11,19:55,16:19,233.0,50.5,49.5,Los Angeles Kings
452,26,238,272,53.3,-1.5,2.3,181,212,53.9,-0.8,26,6,10.9,90.3,101.2,Jamie McBain,D,30.0,3,12:41,10:56,60.0,31.4,68.6,Los Angeles Kings
453,24,755,994,56.8,3.8,9.4,593,747,55.7,3.5,71,45,7.6,92.8,100.4,Brayden McNabb,D,38.1,12,15:54,14:02,197.0,40.3,59.7,Los Angeles Kings
454,25,1121,1528,57.7,4.2,11.2,846,1121,57.0,4.2,76,68,6.8,90.3,97.1,Jake Muzzin,D,45.6,18,22:42,19:06,379.0,43.1,56.9,Los Angeles Kings
455,25,499,476,48.8,-7.4,-3.8,380,343,47.4,-7.8,60,16,5.8,92.9,98.8,Jordan Nolan,C,49.4,11,9:57,9:53,89.0,47.6,52.4,Los Angeles Kings
456,22,417,524,55.7,1.9,0.8,338,410,54.8,2.1,42,14,9.1,94.8,103.9,Tanner Pearson,LW,51.9,18,13:18,11:15,131.0,44.6,55.4,Los Angeles Kings
457,34,1058,1046,49.7,-6.6,-1.9,832,785,48.5,-6.8,67,34,8.1,93.5,101.6,Robyn Regehr,D,48.8,12,20:19,17:33,129.0,53.9,46.1,Los Angeles Kings
458,29,532,551,50.9,-4.2,-3.0,425,397,48.3,-6.5,53,32,7.4,90.0,97.4,Mike Richards,C,49.6,19,13:22,11:20,117.0,48.4,51.6,Los Angeles Kings
459,28,96,115,54.5,-4.9,0.8,70,85,54.8,-5.3,9,5,6.7,94.0,100.7,Jeff Schultz,D,43.8,0,16:45,15:14,16.0,50.0,50.0,Los Angeles Kings
460,28,175,258,59.6,7.6,2.3,140,170,54.8,3.8,16,10,7.9,94.0,101.9,Andrej Sekera,D,41.1,1,19:13,16:16,56.0,45.9,54.1,Los Angeles Kings
461,22,283,306,52.0,-3.3,-0.7,200,218,52.2,-2.6,34,2,6.7,93.0,99.7,Nick Shore,C,57.9,8,11:05,10:22,57.0,40.8,59.2,Los Angeles Kings
462,32,806,828,50.7,-5.0,-0.1,622,626,50.2,-4.8,73,16,6.8,93.3,100.1,Jarret Stoll,C,60.9,10,15:29,12:53,128.0,47.3,52.7,Los Angeles Kings
463,22,770,1006,56.6,2.9,11.4,603,749,55.4,2.5,76,32,10.0,92.0,101.9,Tyler Toffoli,C,58.0,37,14:35,12:07,345.0,45.5,54.5,Los Angeles Kings
464,31,3,5,62.5,1.0,-0.2,3,4,57.1,-1.9,1,1,0.0,100.0,100.0,David Van Der Gulik,LW,100.0,0,5:15,5:15,1.0,100.0,0.0,Los Angeles Kings
465,25,116,88,43.1,-6.7,-2.8,94,65,40.9,-7.5,6,8,5.3,97.1,102.3,Slava Voynov,D,26.3,1,23:11,17:44,19.0,62.7,37.3,Los Angeles Kings
466,33,897,1162,56.4,2.7,11.3,698,856,55.1,1.8,81,57,8.2,91.7,99.9,Justin Williams,RW,56.7,25,15:48,13:59,307.0,45.7,54.3,Los Angeles Kings
467,32,160,126,44.1,-12.1,-1.4,116,91,44.0,-13.0,14,5,12.3,87.4,99.7,Keith Ballard,D,50.0,2,12:03,11:18,10.0,51.6,48.4,Minnesota Wild
468,30,160,144,47.4,-1.9,-0.1,113,113,50.0,0.0,17,3,4.9,90.9,95.8,Sean Bergenheim,LW,58.5,7,10:45,10:45,41.0,59.2,40.8,Minnesota Wild
469,28,50,29,36.7,-8.6,0.1,32,23,41.8,-4.9,9,2,10.5,94.7,105.3,Stu Bickel,D,60.0,1,5:26,5:26,5.0,51.7,48.3,Minnesota Wild
470,26,29,31,51.7,-7.7,-0.5,23,24,51.1,-9.4,4,1,5.6,81.0,86.5,Jonathon Blum,D,75.0,0,9:52,9:33,4.0,50.0,50.0,Minnesota Wild
471,21,1294,1307,50.2,-0.2,16.3,935,992,51.5,0.4,71,33,8.9,93.1,102.1,Jonas Brodin,D,51.1,33,24:08,20:47,186.0,49.6,50.4,Minnesota Wild
472,30,761,594,43.8,-8.8,-3.0,531,449,45.8,-7.8,73,10,9.6,90.0,99.6,Kyle Brodziak,C,60.6,28,13:02,10:31,142.0,65.4,34.6,Minnesota Wild
473,31,398,351,46.9,-5.6,-1.6,288,265,47.9,-5.5,53,2,7.6,94.0,101.5,Ryan Carter,C,53.4,14,10:04,8:18,88.0,68.2,31.8,Minnesota Wild
474,36,301,227,43.0,-9.9,-0.8,209,170,44.9,-8.9,29,7,8.9,91.5,100.5,Matt Cooke,LW,50.0,11,12:36,10:21,48.0,58.8,41.2,Minnesota Wild
475,22,980,997,50.4,-0.5,8.8,690,746,51.9,0.1,82,20,10.2,92.1,102.3,Charlie Coyle,C,56.3,24,14:33,13:07,215.0,55.7,44.3,Minnesota Wild
476,20,656,721,52.4,2.2,6.8,457,535,53.9,2.3,58,28,11.5,90.8,102.3,Mathew Dumba,D,45.7,9,15:00,13:04,188.0,40.9,59.1,Minnesota Wild
477,26,129,102,44.2,-9.1,0.2,85,76,47.2,-6.4,13,5,7.8,82.0,89.8,Justin Falk,D,50.0,0,9:06,8:17,20.0,39.7,60.3,Minnesota Wild
478,23,507,508,50.0,-2.1,-0.6,363,383,51.3,-1.8,40,16,9.5,91.4,101.0,Christian Folin,D,45.3,9,15:12,14:28,86.0,50.5,49.5,Minnesota Wild
479,27,650,674,50.9,0.0,5.7,463,509,52.4,0.4,71,13,10.7,92.3,103.0,Justin Fontaine,RW,57.4,22,11:57,10:59,183.0,53.7,46.3,Minnesota Wild
480,22,992,1068,51.8,1.3,10.0,708,788,52.7,0.8,68,24,9.9,91.6,101.6,Mikael Granlund,C,51.5,34,17:52,15:14,194.0,40.4,59.6,Minnesota Wild
481,21,24,17,41.5,-9.0,-0.8,18,12,40.0,-12.4,3,0,0.0,100.0,100.0,Tyler Graovac,C,66.7,2,9:13,9:13,6.0,50.0,50.0,Minnesota Wild
482,23,643,602,48.4,-2.6,-2.0,468,468,50.0,-1.8,72,10,6.3,91.2,97.5,Erik Haula,C,59.0,38,12:09,9:52,156.0,58.1,41.9,Minnesota Wild
483,31,957,1127,54.1,4.5,13.1,707,864,55.0,4.2,80,26,8.4,90.8,99.2,Mikko Koivu,C,59.5,60,19:15,14:34,301.0,45.1,54.9,Minnesota Wild
484,34,217,180,45.3,-4.7,-0.9,159,134,45.7,-5.3,18,4,6.3,96.1,102.4,Jordan Leopold,D,58.6,7,13:19,13:04,29.0,49.1,50.9,Minnesota Wild
485,22,829,915,52.5,2.3,7.0,593,678,53.3,1.9,80,16,8.8,90.9,99.7,Nino Niederreiter,RW,54.4,28,14:32,12:28,272.0,57.9,42.1,Minnesota Wild
486,30,1095,1228,52.9,4.0,12.8,779,907,53.8,3.3,74,24,9.3,92.2,101.6,Zach Parise,LW,63.9,47,19:10,15:25,407.0,37.8,62.2,Minnesota Wild
487,32,1102,1299,54.1,4.9,10.4,813,976,54.6,3.9,82,21,8.4,91.4,99.8,Jason Pominville,RW,58.3,35,18:17,14:49,434.0,37.2,62.8,Minnesota Wild
488,28,640,569,47.1,-4.3,-0.5,409,430,51.3,-0.7,63,13,10.4,89.2,99.6,Nate Prosser,D,52.1,7,12:48,10:48,73.0,61.8,38.2,Minnesota Wild
489,24,1051,1114,51.5,1.2,2.4,764,848,52.6,1.0,64,31,8.9,91.2,100.1,Marco Scandella,D,44.3,30,21:43,18:34,253.0,58.4,41.6,Minnesota Wild
490,24,219,252,53.5,3.8,4.8,145,190,56.7,6.4,25,5,8.2,97.1,105.3,Jordan Schroeder,C,73.8,13,10:51,10:41,65.0,51.7,48.3,Minnesota Wild
491,25,1112,1250,52.9,3.7,7.8,829,921,52.6,1.5,66,30,7.8,91.7,99.5,Jared Spurgeon,D,48.9,31,22:37,18:11,262.0,49.2,50.8,Minnesota Wild
492,27,211,256,54.8,8.0,2.0,153,198,56.4,9.0,20,7,9.9,91.7,101.6,Chris Stewart,RW,63.5,9,15:30,13:50,63.0,55.6,44.4,Minnesota Wild
493,30,1637,1696,50.9,0.7,13.8,1205,1285,51.6,0.1,77,46,8.2,91.7,99.8,Ryan Suter,D,42.1,33,29:00,23:01,356.0,43.9,56.1,Minnesota Wild
494,27,49,38,43.7,-6.0,-0.7,32,32,50.0,-0.7,6,0,15.0,92.9,107.9,Brett Sutter,C,60.0,0,9:19,8:21,10.0,74.3,25.7,Minnesota Wild
495,31,993,931,48.4,-3.6,4.7,723,686,48.7,-4.6,80,52,8.7,90.7,99.4,Thomas Vanek,LW,58.9,28,16:12,13:05,292.0,38.6,61.4,Minnesota Wild
496,33,61,64,51.2,-2.6,0.3,38,45,54.2,-0.5,12,0,6.1,87.5,93.6,Stephane Veilleux,LW,75.0,2,7:42,6:24,12.0,68.1,31.9,Minnesota Wild
497,23,547,641,54.0,2.6,4.4,418,483,53.6,0.8,51,19,8.6,87.5,96.1,Jason Zucker,LW,64.2,21,15:04,12:57,193.0,46.2,53.8,Minnesota Wild
498,34,54,51,48.6,-5.1,0.2,36,33,47.8,-4.1,5,4,4.5,88.9,93.4,Bryan Allen,D,25.0,0,12:44,11:23,8.0,61.3,38.7,Montreal Canadiens
499,21,81,67,45.3,1.2,-0.8,63,52,45.2,0.3,12,2,12.5,92.9,105.4,Sven Andrighetto,RW,57.1,1,9:25,7:52,21.0,39.6,60.4,Montreal Canadiens
500,22,902,843,48.3,0.2,1.9,635,622,49.5,1.0,64,47,6.3,94.9,101.2,Nathan Beaulieu,D,42.2,8,15:42,14:42,147.0,50.4,49.6,Montreal Canadiens
501,22,205,191,48.2,1.2,1.1,142,130,47.8,-0.3,29,7,10.7,91.8,102.5,Michael Bournival,LW,58.7,6,7:53,7:40,46.0,58.8,41.2,Montreal Canadiens
502,33,142,149,51.2,1.4,-1.8,105,103,49.5,0.4,13,4,6.7,82.9,89.6,Rene Bourque,RW,45.0,2,12:21,11:53,40.0,55.1,44.9,Montreal Canadiens
503,25,22,11,33.3,-16.7,-0.3,17,9,34.6,-14.3,3,0,20.0,90.0,110.0,Drayson Bowman,LW,0.0,0,6:31,6:31,1.0,53.8,46.2,Montreal Canadiens
504,19,389,302,43.7,-6.1,-0.9,268,228,46.0,-4.1,33,13,5.1,92.6,97.6,Jacob de La Rose,LW,56.7,6,13:48,12:27,67.0,64.7,35.3,Montreal Canadiens
505,28,1167,1209,50.9,3.7,4.8,826,842,50.5,2.6,82,20,10.6,93.9,104.5,David Desharnais,C,52.3,27,17:15,14:50,172.0,40.0,60.0,Montreal Canadiens
506,24,22,19,46.3,-15.9,-0.5,18,15,45.5,-16.0,3,0,0.0,92.9,92.9,Gabriel Dumont,C,80.0,0,9:07,8:57,5.0,81.3,18.8,Montreal Canadiens
507,25,986,899,47.7,-1.0,-7.3,689,664,49.1,0.5,77,30,7.6,91.1,98.7,Lars Eller,C,61.6,29,15:30,13:41,242.0,62.5,37.5,Montreal Canadiens
508,28,1143,948,45.3,-4.9,-8.5,814,662,44.9,-5.9,68,56,9.2,93.4,102.6,Alexei Emelin,D,35.8,16,19:48,17:22,120.0,55.6,44.4,Montreal Canadiens
509,26,82,56,40.6,-7.7,-1.8,56,43,43.4,-5.0,9,6,3.2,92.1,95.3,Brian Flynn,C,64.3,2,9:04,8:01,14.0,65.2,34.8,Montreal Canadiens
510,20,1105,1143,50.8,3.5,5.8,793,806,50.4,2.4,80,28,8.7,92.7,101.4,Alex Galchenyuk,C,54.3,24,16:26,14:08,300.0,42.7,57.3,Montreal Canadiens
511,22,1089,1277,54.0,7.9,13.8,796,913,53.4,6.7,82,18,8.6,93.4,102.1,Brendan Gallagher,RW,55.2,43,16:35,14:07,460.0,44.8,55.2,Montreal Canadiens
512,32,1208,1007,45.5,-3.4,0.9,822,730,47.0,-1.5,72,53,8.5,93.5,102.0,Tom Gilbert,D,45.5,11,19:20,16:37,154.0,58.4,41.6,Montreal Canadiens
513,40,689,593,46.3,-3.1,0.4,497,431,46.4,-3.3,45,28,7.0,95.7,102.7,Sergei Gonchar,D,37.2,5,17:60,15:26,121.0,52.1,47.9,Montreal Canadiens
514,34,552,292,34.6,-15.7,-6.7,366,204,35.8,-14.4,58,23,4.7,94.9,99.6,Manny Malhotra,C,58.2,14,10:51,8:25,79.0,81.8,18.2,Montreal Canadiens
515,36,1497,1547,50.8,4.0,6.1,1067,1111,51.0,3.8,81,79,9.6,93.2,102.8,Andrei Markov,D,41.3,46,24:55,19:09,327.0,51.1,48.9,Montreal Canadiens
516,30,130,74,36.3,-13.7,-1.7,84,56,40.0,-9.9,14,6,2.6,94.4,97.0,Torrey Mitchell,C,66.7,4,10:03,8:25,15.0,71.3,28.7,Montreal Canadiens
517,32,90,45,33.3,-16.8,-1.1,57,32,36.0,-12.9,10,1,0.0,100.0,100.0,Travis Moen,LW,75.0,3,10:30,7:54,12.0,63.5,36.5,Montreal Canadiens
518,26,1179,1264,51.7,5.0,10.5,838,903,51.9,4.8,80,43,10.5,94.4,104.9,Max Pacioretty,LW,56.2,43,19:23,15:14,537.0,40.6,59.4,Montreal Canadiens
519,31,631,650,50.7,2.8,1.7,421,447,51.5,3.7,56,13,8.5,92.0,100.5,P.A. Parenteau,RW,54.8,18,14:59,12:44,177.0,40.8,59.2,Montreal Canadiens
520,24,170,176,50.9,4.7,1.4,122,129,51.4,4.0,17,10,6.3,93.6,99.9,Greg Pateryn,D,47.6,0,12:39,12:02,21.0,54.4,45.6,Montreal Canadiens
521,27,365,278,43.2,-5.5,-1.8,249,189,43.2,-6.1,19,19,9.0,90.6,99.7,Jeff Petry,D,38.7,14,22:11,18:26,62.0,58.3,41.7,Montreal Canadiens
522,32,1246,1215,49.4,1.3,4.8,894,865,49.2,0.5,82,42,8.3,92.8,101.1,Tomas Plekanec,C,63.3,30,19:09,15:03,392.0,55.0,45.0,Montreal Canadiens
523,30,850,699,45.1,-4.0,-2.9,577,518,47.3,-1.7,82,27,7.3,94.7,101.9,Brandon Prust,LW,60.0,15,12:58,11:04,130.0,64.3,35.7,Montreal Canadiens
524,22,602,531,46.9,-3.1,-6.1,429,380,47.0,-3.2,50,18,7.1,93.0,100.2,Jiri Sekac,LW,48.3,21,13:49,12:51,116.0,56.0,44.0,Montreal Canadiens
525,22,207,174,45.7,-0.9,-1.3,139,128,47.9,1.0,20,6,7.1,91.6,98.6,Devante Smith-Pelly,RW,66.7,2,13:18,12:06,42.0,58.0,42.0,Montreal Canadiens
526,25,1556,1698,52.2,6.4,5.9,1115,1211,52.1,5.7,82,112,9.7,92.2,101.9,P.K. Subban,D,44.4,29,26:12,20:21,383.0,49.7,50.3,Montreal Canadiens
527,25,57,41,41.8,-13.1,0.0,34,28,45.2,-8.2,7,2,0.0,88.9,88.9,Eric Tangradi,LW,62.5,0,7:44,7:44,8.0,60.5,39.5,Montreal Canadiens
528,22,118,153,56.5,8.0,1.7,86,105,55.0,5.6,18,0,1.3,95.1,96.4,Christian Thomas,LW,55.3,5,9:06,8:56,47.0,49.4,50.6,Montreal Canadiens
529,22,142,140,49.6,-1.1,-0.3,98,99,50.3,0.2,13,4,2.8,91.1,94.0,Jarred Tinordi,D,31.3,1,12:04,11:41,16.0,58.5,41.5,Montreal Canadiens
530,36,356,293,45.1,-4.8,-1.8,241,203,45.7,-4.6,31,17,9.5,91.1,100.6,Mike Weaver,D,24.2,5,14:10,11:12,33.0,57.5,42.5,Montreal Canadiens
531,26,926,764,45.2,-4.1,-0.1,666,554,45.4,-4.3,79,12,10.9,95.2,106.1,Dale Weise,RW,58.4,26,12:11,11:28,154.0,53.4,46.6,Montreal Canadiens
532,26,27,27,50.0,1.6,-0.7,18,18,50.0,0.9,4,2,14.3,92.9,107.1,Mark Arcobello,C,37.5,3,10:35,10:18,8.0,47.6,52.4,Nashville Predators
533,21,55,50,47.6,-4.1,-1.0,36,38,51.4,-0.5,6,3,4.0,96.3,100.3,Viktor Arvidsson,LW,50.0,3,10:15,10:15,18.0,46.0,54.0,Nashville Predators
534,26,449,435,49.2,-3.2,-2.1,330,335,50.4,-1.8,37,9,8.8,91.6,100.5,Victor Bartley,D,43.1,2,13:26,12:50,65.0,41.5,58.5,Nashville Predators
535,23,601,521,46.4,-7.5,-3.6,451,384,46.0,-8.5,62,10,6.5,93.2,99.7,Taylor Beck,LW,54.5,15,11:56,10:49,143.0,70.6,29.4,Nashville Predators
536,24,79,71,47.3,-5.7,0.2,61,54,47.0,-5.3,7,3,2.6,94.9,97.4,Anthony Bitetto,D,28.6,1,11:47,11:43,7.0,39.1,60.9,Nashville Predators
537,24,635,580,47.7,-5.8,-1.3,461,434,48.5,-5.0,69,14,4.8,91.4,96.2,Gabriel Bourque,LW,60.3,27,12:01,10:34,126.0,71.7,28.3,Nashville Predators
538,27,6,1,14.3,-52.4,-0.2,5,1,16.7,-51.0,1,0,0.0,100.0,100.0,Rich Clune,LW,,0,5:30,5:30,0.0,100.0,0.0,Nashville Predators
539,38,625,704,53.0,-0.5,6.6,458,537,54.0,0.6,62,22,8.4,92.9,101.4,Matt Cullen,C,55.6,26,13:01,11:39,162.0,45.6,54.4,Nashville Predators
540,24,1027,1319,56.2,4.9,8.5,766,973,56.0,4.1,80,45,8.3,91.3,99.6,Mattias Ekholm,D,43.7,30,18:60,16:46,197.0,44.8,55.2,Nashville Predators
541,24,747,938,55.7,4.5,11.0,543,684,55.7,3.6,58,27,9.2,90.8,100.0,Ryan Ellis,D,55.7,21,18:58,16:04,212.0,44.2,55.8,Nashville Predators
542,18,13,13,50.0,3.4,-0.3,10,9,47.4,-3.7,1,0,0.0,85.7,85.7,Kevin Fiala,LW,100.0,2,11:25,11:25,3.0,36.4,63.6,Nashville Predators
543,34,792,851,51.8,-0.6,1.7,567,633,52.8,0.4,59,16,8.7,90.8,99.5,Mike Fisher,C,58.1,27,18:25,13:55,191.0,47.2,52.8,Nashville Predators
544,20,1012,1350,57.2,6.6,12.0,748,994,57.1,6.0,82,57,9.0,91.1,100.1,Filip Forsberg,C,50.3,50,17:18,14:22,471.0,30.1,69.9,Nashville Predators
545,27,236,322,57.7,5.6,3.2,170,237,58.2,5.9,23,15,5.3,91.7,97.0,Cody Franson,D,53.8,10,15:25,13:27,65.0,42.5,57.5,Nashville Predators
546,32,695,488,41.3,-13.5,-3.4,493,362,42.3,-12.6,73,10,8.8,95.1,103.8,Paul Gaustad,C,52.9,19,12:26,10:03,102.0,88.3,11.7,Nashville Predators
547,23,656,770,54.0,2.6,8.9,472,585,55.3,3.5,74,10,6.6,91.9,98.5,Calle Jarnkrok,C,53.4,18,12:51,11:05,178.0,44.6,55.4,Nashville Predators
548,36,501,493,49.6,-3.2,0.3,357,373,51.1,-2.0,48,8,4.8,95.7,100.5,Olli Jokinen,C,63.4,5,13:31,11:53,131.0,52.3,47.7,Nashville Predators
549,20,1089,1285,54.1,2.3,5.6,807,948,54.0,1.7,82,46,7.7,92.1,99.8,Seth Jones,D,46.6,41,19:52,15:56,264.0,44.8,55.2,Nashville Predators
550,24,1684,1686,50.0,-4.6,3.3,1222,1257,50.7,-4.0,81,45,8.5,92.9,101.4,Roman Josi,D,52.5,25,26:25,20:46,383.0,53.7,46.3,Nashville Predators
551,27,883,1183,57.3,6.2,7.7,652,848,56.5,4.6,67,31,9.3,90.7,100.0,James Neal,LW,51.6,37,18:04,15:02,428.0,34.5,65.5,Nashville Predators
552,31,630,458,42.1,-13.0,-6.7,436,333,43.3,-11.9,60,11,7.7,93.5,101.2,Eric Nystrom,LW,61.9,9,13:12,10:52,97.0,82.4,17.6,Nashville Predators
553,30,11,14,56.0,,0.1,7,7,50.0,,1,0,0.0,80.0,80.0,Joe Piskula,D,0.0,0,16:27,16:24,4.0,50.0,50.0,Nashville Predators
554,34,1118,1499,57.3,7.2,7.0,852,1091,56.2,5.0,82,47,9.1,90.6,99.7,Mike Ribeiro,C,56.8,32,18:43,15:42,169.0,29.8,70.2,Nashville Predators
555,31,257,288,52.8,-0.4,2.3,191,213,52.7,-1.0,26,16,8.6,91.9,100.5,Derek Roy,C,54.7,14,13:31,11:22,64.0,29.8,70.2,Nashville Predators
556,21,4,10,71.4,13.9,0.6,3,8,72.7,16.2,1,0,16.7,100.0,116.7,Miikka Salomaki,RW,100.0,0,10:49,9:54,4.0,0.0,100.0,Nashville Predators
557,29,251,247,49.6,-4.7,0.1,181,179,49.7,-4.7,22,2,5.3,88.8,94.1,Mike Santorelli,C,61.4,9,12:53,12:27,70.0,47.4,52.6,Nashville Predators
558,25,968,1237,56.1,5.0,12.0,734,933,56.0,4.4,82,53,9.0,91.4,100.4,Craig Smith,C,59.6,41,15:43,13:10,423.0,33.8,66.2,Nashville Predators
559,29,263,280,51.6,0.7,0.8,184,205,52.7,1.4,25,5,9.8,89.1,98.9,Viktor Stalberg,LW,52.9,7,11:53,11:41,51.0,55.6,44.4,Nashville Predators
560,32,494,529,51.7,-0.4,1.8,355,374,51.3,-1.6,46,13,9.3,92.3,101.6,Anton Volchenkov,D,44.3,3,13:11,12:03,79.0,49.3,50.7,Nashville Predators
561,29,1605,1616,50.2,-4.5,4.3,1158,1205,51.0,-3.6,78,53,7.9,93.1,101.0,Shea Weber,D,51.2,23,26:19,20:40,463.0,53.2,46.8,Nashville Predators
562,25,936,1166,55.5,4.3,15.9,676,839,55.4,3.8,77,32,8.6,93.4,101.9,Colin Wilson,C,60.6,29,16:12,13:38,284.0,39.7,60.3,Nashville Predators
563,29,692,623,47.4,1.1,-6.1,509,458,47.4,1.7,67,14,9.8,92.6,102.4,Steve Bernier,RW,67.3,17,12:56,11:36,165.0,48.8,51.2,New Jersey Devils
564,21,100,113,53.1,5.4,-1.2,81,83,50.6,4.1,11,1,5.9,89.6,95.4,Reid Boucher,LW,54.1,7,11:08,11:03,37.0,39.1,60.9,New Jersey Devils
565,28,155,174,52.9,1.5,-1.7,120,125,51.0,1.4,17,6,4.5,95.7,100.2,Damien Brunner,C,49.2,6,15:09,12:21,59.0,41.3,58.7,New Jersey Devils
566,32,882,755,46.1,-0.4,-3.3,699,568,44.8,-1.7,68,34,9.5,93.2,102.6,Mike Cammalleri,LW,59.9,30,18:20,14:46,262.0,50.8,49.2,New Jersey Devils
567,32,146,127,46.5,-6.1,-2.5,126,94,42.7,-9.3,13,3,8.5,93.1,101.6,Ryane Clowe,LW,57.7,3,15:40,12:54,26.0,51.1,48.9,New Jersey Devils
568,38,763,713,48.3,1.0,-10.5,597,542,47.6,1.0,69,40,6.8,90.7,97.5,Patrik Elias,C,58.2,19,17:37,13:41,201.0,58.1,41.9,New Jersey Devils
569,28,455,319,41.2,-4.5,-8.0,338,240,41.5,-4.0,34,13,7.8,93.9,101.7,Mark Fraser,D,36.5,1,16:16,14:20,52.0,58.9,41.1,New Jersey Devils
570,23,738,717,49.3,2.4,-6.0,578,534,48.0,1.2,61,28,7.8,93.2,101.1,Eric Gelinas,D,45.9,13,16:28,14:09,244.0,38.6,61.4,New Jersey Devils
571,31,538,473,46.8,-1.6,-2.9,404,356,46.8,-0.6,61,11,7.7,94.1,101.8,Stephen Gionta,RW,65.1,19,13:11,10:53,129.0,61.8,38.2,New Jersey Devils
572,35,770,709,47.9,3.1,-2.5,565,537,48.7,4.2,58,37,7.7,91.8,99.5,Scott Gomez,C,64.2,22,16:31,14:31,109.0,43.5,56.5,New Jersey Devils
573,32,1370,1221,47.1,0.3,-0.2,1018,919,47.4,1.8,82,39,7.6,93.0,100.6,Andy Greene,D,39.2,21,23:32,18:56,222.0,59.5,40.5,New Jersey Devils
574,31,494,378,43.3,-2.5,-7.0,392,283,41.9,-4.2,43,12,7.5,91.8,99.3,Peter Harrold,D,50.0,6,15:15,13:17,62.0,58.4,41.6,New Jersey Devils
575,33,459,371,44.7,-0.4,-7.4,347,284,45.0,0.2,40,12,6.5,92.1,98.5,Martin Havlat,RW,58.3,20,14:47,13:02,84.0,62.0,38.0,New Jersey Devils
576,24,238,184,43.6,-5.6,-1.6,188,133,41.4,-6.9,22,9,10.1,95.2,105.3,Seth Helgeson,D,39.3,4,13:28,12:19,28.0,61.5,38.5,New Jersey Devils
577,24,1030,865,45.6,-1.0,-5.1,750,636,45.9,-0.1,75,21,8.6,92.4,100.9,Adam Henrique,C,56.4,31,17:44,14:06,225.0,53.2,46.8,New Jersey Devils
578,22,8,8,50.0,,0.3,6,6,50.0,,1,0,25.0,100.0,125.0,Raman Hrabarenka,D,,0,11:55,10:53,0.0,0.0,100.0,New Jersey Devils
579,42,679,707,51.0,5.9,5.3,525,535,50.5,6.1,57,34,7.9,90.5,98.3,Jaromir Jagr,RW,59.8,31,17:40,15:18,199.0,45.0,55.0,New Jersey Devils
580,23,477,487,50.5,4.5,-0.6,365,350,49.0,3.3,62,14,5.6,94.0,99.5,Jacob Josefson,C,55.0,15,12:26,10:04,111.0,53.7,46.3,New Jersey Devils
581,22,960,831,46.4,-0.2,3.3,715,623,46.6,0.8,64,30,7.8,93.1,100.9,Adam Larsson,D,50.5,21,20:58,17:21,182.0,62.0,38.0,New Jersey Devils
582,20,66,49,42.6,-8.2,0.4,54,41,43.2,-5.2,7,3,3.2,97.5,100.7,Stefan Matteau,LW,66.7,2,11:52,11:51,15.0,60.0,40.0,New Jersey Devils
583,22,974,809,45.4,-1.1,-15.5,755,623,45.2,-0.8,66,32,6.9,92.1,99.0,Jonathon Merrill,D,40.9,18,20:32,17:42,115.0,53.0,47.0,New Jersey Devils
584,31,636,606,48.8,2.3,-3.4,488,439,47.4,1.3,77,23,4.7,94.8,99.5,Tuomo Ruutu,RW,60.7,15,10:52,10:26,122.0,53.1,46.9,New Jersey Devils
585,34,542,474,46.7,-1.2,-4.7,424,345,44.9,-2.1,47,15,9.9,93.1,102.9,Michael Ryder,RW,57.1,10,14:29,12:56,156.0,56.4,43.6,New Jersey Devils
586,38,177,151,46.0,-7.2,-2.8,136,103,43.1,-8.3,15,7,6.3,90.0,96.3,Bryce Salvador,D,48.1,1,18:30,14:25,27.0,58.6,41.4,New Jersey Devils
587,30,91,72,44.2,0.2,1.5,74,60,44.8,0.3,15,2,8.7,91.4,100.1,Tim Sestito,LW,66.7,3,9:53,7:44,15.0,43.1,56.9,New Jersey Devils
588,20,803,825,50.7,3.7,-5.8,631,612,49.2,3.2,51,39,6.4,91.5,98.0,Damon Severson,D,44.9,14,21:57,18:49,207.0,54.5,45.5,New Jersey Devils
589,27,87,77,47.0,0.0,-1.8,66,54,45.0,-0.7,10,0,2.8,93.3,96.1,Mike Sislo,RW,68.4,2,12:13,10:51,19.0,63.6,36.4,New Jersey Devils
590,31,585,472,44.7,-2.2,-1.9,462,361,43.9,-2.6,68,30,7.6,94.0,101.6,Jordin Tootoo,RW,63.6,17,10:27,9:33,118.0,54.8,45.2,New Jersey Devils
591,26,27,13,32.5,-9.6,-0.3,22,9,29.0,-12.6,4,0,25.0,83.3,108.3,Joe Whitney,RW,50.0,0,6:53,6:52,2.0,55.6,44.4,New Jersey Devils
592,29,930,829,47.1,1.0,-0.8,701,635,47.5,2.3,74,32,7.5,92.4,99.9,Travis Zajac,C,55.0,49,19:02,15:09,200.0,54.1,45.9,New Jersey Devils
593,37,989,919,48.2,2.4,-6.5,765,689,47.4,2.2,63,37,7.4,93.0,100.5,Marek Zidlicky,D,44.6,18,21:54,19:02,231.0,45.2,54.8,New Jersey Devils
594,36,796,668,45.6,-1.6,-12.3,622,496,44.4,-2.4,74,19,6.9,92.5,99.4,Dainius Zubrus,C,68.2,19,14:40,12:58,107.0,61.3,38.7,New Jersey Devils
595,25,1019,1155,53.1,0.2,14.4,711,836,54.0,-0.5,70,47,8.9,90.3,99.2,Josh Bailey,LW,53.6,53,16:47,14:48,261.0,35.6,64.4,New York Islanders
596,38,76,58,43.3,-11.1,0.4,61,48,44.0,-10.6,10,1,6.7,92.3,99.0,Eric Boulton,LW,69.2,1,7:12,7:10,13.0,20.0,80.0,New York Islanders
597,31,1105,1359,55.2,2.7,13.6,763,1003,56.8,3.7,72,48,8.3,91.5,99.8,Johnny Boychuk,D,49.5,24,21:41,16:46,388.0,45.5,54.5,New York Islanders
598,23,649,643,49.8,-4.9,-2.1,460,474,50.7,-4.9,70,22,6.9,91.7,98.6,Casey Cizikas,C,56.6,42,12:31,10:50,159.0,53.7,46.3,New York Islanders
599,27,729,760,51.0,-2.3,0.2,507,573,53.1,-1.4,76,24,5.8,92.2,98.1,Cal Clutterbuck,RW,56.6,25,12:44,11:04,219.0,59.7,40.3,New York Islanders
600,25,183,178,49.3,-2.6,1.0,126,135,51.7,-1.5,15,3,8.3,88.2,96.5,Cory Conacher,C,71.9,6,13:29,12:06,32.0,33.6,66.4,New York Islanders
601,23,988,1121,53.2,0.5,4.9,682,812,54.4,0.7,65,44,7.3,91.1,98.4,Calvin de Haan,D,44.0,19,19:01,17:01,209.0,45.4,54.6,New York Islanders
602,24,177,177,50.0,-4.8,0.7,123,133,52.0,-3.0,12,11,9.4,94.3,103.7,Matt Donovan,D,31.6,3,17:34,16:13,38.0,48.6,51.4,New York Islanders
603,27,400,404,50.2,-2.5,0.6,265,296,52.8,-0.5,34,17,8.0,93.2,101.2,Michael Grabner,RW,52.5,25,12:56,11:31,120.0,61.8,38.2,New York Islanders
604,31,560,713,56.0,3.6,5.2,387,508,56.8,2.8,51,31,7.5,92.4,99.9,Mikhail Grabovski,C,48.2,26,14:16,12:38,168.0,54.8,45.2,New York Islanders
605,24,1324,1367,50.8,-4.0,10.7,927,995,51.8,-4.3,71,56,7.5,93.1,100.6,Travis Hamonic,D,43.1,27,21:48,18:28,306.0,48.8,51.2,New York Islanders
606,25,1220,1347,52.5,-0.4,13.0,867,997,53.5,-0.6,81,55,7.6,89.1,96.7,Thomas Hickey,D,45.3,39,18:56,16:38,181.0,48.2,51.8,New York Islanders
607,28,128,153,54.4,1.7,2.7,97,109,52.9,-0.3,13,3,7.1,88.4,95.5,Tyler Kennedy,C,67.4,7,11:23,11:11,46.0,47.9,52.1,New York Islanders
608,28,950,1032,52.1,-1.3,6.5,665,747,52.9,-1.7,82,29,7.8,91.9,99.7,Nikolai Kulemin,LW,54.2,53,14:52,12:45,212.0,50.9,49.1,New York Islanders
609,23,1174,1455,55.3,3.6,19.6,809,1057,56.6,3.8,78,42,8.1,92.5,100.6,Nick Leddy,D,50.8,39,20:22,17:03,236.0,45.5,54.5,New York Islanders
610,24,873,1049,54.6,2.1,19.6,616,785,56.0,2.6,76,23,8.9,90.2,99.1,Anders Lee,C,65.0,23,14:24,12:06,303.0,41.3,58.7,New York Islanders
611,25,712,743,51.1,-2.6,2.7,498,560,52.9,-1.9,78,27,6.4,91.4,97.8,Matt Martin,LW,63.4,24,11:16,10:57,142.0,54.9,45.1,New York Islanders
612,30,179,179,50.0,-2.2,0.0,129,133,50.8,-2.1,18,5,9.0,87.2,96.2,Colin McDonald,RW,60.4,2,10:30,10:22,48.0,55.2,44.8,New York Islanders
613,27,53,42,44.2,-8.2,-1.9,37,27,42.2,-11.9,6,0,12.5,79.2,91.7,Kael Mouillierat,LW,25.0,4,8:41,8:39,4.0,45.0,55.0,New York Islanders
614,23,925,1065,53.5,0.6,17.1,637,802,55.7,1.9,82,37,7.7,91.2,99.0,Brock Nelson,C,59.6,53,15:53,12:04,319.0,55.3,44.7,New York Islanders
615,30,878,972,52.5,-0.6,4.7,591,696,54.1,-0.2,78,38,8.2,92.2,100.4,Frans Nielsen,C,50.6,56,16:35,11:51,310.0,53.0,47.0,New York Islanders
616,26,856,1032,54.7,2.2,10.9,620,759,55.0,0.9,60,45,7.4,89.7,97.1,Kyle Okposo,RW,55.9,30,19:33,15:32,349.0,33.9,66.1,New York Islanders
617,21,109,90,45.2,-5.7,-1.8,77,70,47.6,-6.2,8,2,12.8,91.2,104.0,Griffin Reinhart,D,36.4,0,14:10,12:43,11.0,55.9,44.1,New York Islanders
618,27,907,784,46.4,-8.5,0.6,657,595,47.5,-9.1,52,24,8.4,91.4,99.8,Brian Strait,D,52.7,14,18:21,16:20,112.0,51.3,48.7,New York Islanders
619,21,976,1141,53.9,1.3,17.5,674,857,56.0,2.5,81,52,10.8,90.0,100.8,Ryan Strome,C,62.6,38,15:24,12:30,286.0,49.9,50.1,New York Islanders
620,24,1290,1575,55.0,3.1,19.6,938,1147,55.0,1.3,82,109,8.6,90.2,98.8,John Tavares,C,59.0,94,20:40,16:46,471.0,30.4,69.6,New York Islanders
621,38,747,923,55.3,1.9,11.8,533,688,56.3,1.8,53,46,8.8,88.8,97.6,Lubomir Visnovsky,D,47.0,46,19:32,16:49,181.0,46.0,54.0,New York Islanders
622,27,18,18,50.0,-13.4,-0.3,14,12,46.2,-15.8,2,0,0.0,90.0,90.0,Harry Zolnierczyk,LW,33.3,1,11:08,10:23,3.0,75.0,25.0,New York Islanders
623,25,36,49,57.6,11.1,0.6,27,31,53.4,5.8,4,3,4.3,90.5,94.8,Conor Allen,D,50.0,0,12:12,11:57,4.0,32.3,67.7,New York Rangers
624,24,4,13,76.5,25.1,-0.1,4,7,63.6,18.0,1,0,0.0,50.0,50.0,Ryan Bourque,C,33.3,1,11:49,11:25,3.0,50.0,50.0,New York Rangers
625,38,949,1052,52.6,4.9,6.9,709,807,53.2,5.7,65,33,7.6,95.2,102.8,Dan Boyle,D,47.5,20,20:15,16:40,244.0,38.2,61.8,New York Rangers
626,27,1011,1126,52.7,3.8,7.4,762,839,52.4,3.6,80,37,9.4,90.9,100.3,Derick Brassard,C,59.6,41,17:24,14:24,280.0,45.1,54.9,New York Rangers
627,19,159,171,51.8,1.2,-0.8,112,110,49.5,0.1,18,6,9.9,96.3,106.2,Anthony Duclair,LW,50.0,5,12:09,10:45,36.0,38.2,61.8,New York Rangers
628,23,549,539,49.5,0.9,0.4,409,416,50.4,1.4,58,5,6.7,92.7,99.3,Jesper Fast,RW,58.0,13,11:48,10:40,88.0,58.2,41.8,New York Rangers
629,30,1517,1306,46.3,-5.5,-1.6,1105,962,46.5,-5.0,82,60,9.6,92.3,101.8,Dan Girardi,D,49.3,33,22:41,18:25,225.0,57.6,42.4,New York Rangers
630,31,598,453,43.1,-8.7,-7.1,462,338,42.3,-9.2,66,15,5.8,91.5,97.3,Tanner Glass,LW,58.9,8,10:15,9:10,90.0,67.1,32.9,New York Rangers
631,26,997,1011,50.3,0.8,1.8,734,766,51.1,1.7,82,41,9.4,93.4,102.9,Carl Hagelin,LW,57.9,50,15:14,13:10,311.0,50.3,49.7,New York Rangers
632,22,847,897,51.4,1.9,2.9,634,679,51.7,2.3,79,40,9.0,93.6,102.7,Kevin Hayes,RW,61.7,43,13:02,11:57,180.0,39.1,60.9,New York Rangers
633,29,709,798,53.0,4.1,4.2,561,617,52.4,3.8,55,27,9.4,93.4,102.7,Matt Hunwick,D,51.4,15,15:49,14:59,140.0,40.6,59.4,New York Rangers
634,30,1014,972,48.9,-1.9,-2.2,764,704,48.0,-3.1,65,44,11.0,92.8,103.8,Kevin Klein,D,43.4,15,18:29,16:33,175.0,56.3,43.7,New York Rangers
635,29,90,96,51.6,3.5,-0.1,72,70,49.3,0.4,7,5,12.5,89.8,102.3,Mike Kostka,D,53.8,2,15:23,14:39,13.0,42.1,57.9,New York Rangers
636,23,1046,1078,50.8,1.1,5.5,795,806,50.3,0.7,80,46,9.6,95.0,104.6,Chris Kreider,LW,60.6,25,15:43,13:47,297.0,45.0,55.0,New York Rangers
637,23,6,10,62.5,5.9,0.4,5,7,58.3,4.6,1,1,0.0,100.0,100.0,Oscar Lindberg,C,66.7,0,8:18,8:18,3.0,0.0,100.0,New York Rangers
638,35,36,50,58.1,5.7,0.5,27,36,57.1,6.6,6,3,0.0,82.6,82.6,Ryan Malone,LW,75.0,0,10:02,7:48,8.0,47.4,52.6,New York Rangers
639,25,1227,1196,49.4,-1.3,4.5,900,891,49.7,-0.9,71,60,10.8,92.2,103.0,Ryan McDonagh,D,53.6,40,23:08,18:12,276.0,54.3,45.7,New York Rangers
640,22,6,11,64.7,14.2,0.7,3,10,76.9,31.9,1,1,0.0,100.0,100.0,Dylan McIlrath,D,,0,8:02,7:46,0.0,57.1,42.9,New York Rangers
641,21,641,672,51.2,1.7,-0.4,475,511,51.8,2.1,58,23,9.4,91.8,101.2,J.T. Miller,C,59.4,27,12:42,11:45,155.0,47.7,52.3,New York Rangers
642,34,900,789,46.7,-3.9,-3.6,674,594,46.8,-3.8,82,19,8.2,92.8,101.0,Dominic Moore,C,57.1,30,13:49,11:38,203.0,73.0,27.0,New York Rangers
643,24,437,528,54.7,6.4,6.3,335,402,54.5,6.8,38,18,8.6,92.9,101.4,John Moore,D,50.0,2,15:06,14:05,112.0,35.7,64.3,New York Rangers
644,28,58,55,48.7,-1.7,1.7,43,37,46.3,-4.6,7,2,10.7,88.5,99.2,Chris Mueller,C,58.8,1,10:27,8:34,17.0,59.3,40.7,New York Rangers
645,30,1004,1039,50.9,1.5,9.6,749,793,51.4,2.2,79,42,10.5,92.5,103.0,Rick Nash,LW,61.5,74,17:27,13:25,493.0,45.1,54.9,New York Rangers
646,26,175,102,36.8,-11.7,-2.1,131,74,36.1,-14.9,14,3,5.3,94.8,100.1,James Sheppard,C,55.0,3,11:22,11:19,20.0,69.8,30.2,New York Rangers
647,39,1065,956,47.3,-4.1,-1.8,788,716,47.6,-3.6,74,43,10.7,92.7,103.4,Martin St. Louis*,RW,59.8,41,17:34,14:32,241.0,47.3,52.7,New York Rangers
648,28,1471,1288,46.7,-4.8,-2.2,1095,961,46.7,-4.8,80,43,8.9,93.6,102.5,Marc Staal,D,49.0,43,21:08,18:47,198.0,56.5,43.5,New York Rangers
649,31,529,540,50.5,0.7,1.5,402,390,49.2,-0.6,53,23,9.0,94.1,103.2,Lee Stempniak,RW,55.3,11,12:26,11:01,152.0,58.7,41.3,New York Rangers
650,24,976,832,46.0,-5.0,-0.6,722,631,46.6,-4.2,68,32,11.3,94.7,106.0,Derek Stepan,C,58.5,43,18:11,13:52,260.0,49.1,50.9,New York Rangers
651,26,47,34,42.0,-10.7,-0.9,32,22,40.7,-10.9,3,1,14.3,91.7,106.0,Chris Summers,D,33.3,0,17:15,16:41,6.0,57.1,42.9,New York Rangers
652,28,334,342,50.6,3.7,-1.3,256,275,51.8,3.7,21,15,9.0,92.4,101.4,Keith Yandle,D,56.6,14,19:56,16:26,83.0,33.5,66.5,New York Rangers
653,27,1011,1123,52.6,4.2,10.3,757,834,52.4,3.8,78,41,9.9,91.4,101.4,Mats Zuccarello,LW,53.8,60,17:16,14:54,286.0,44.4,55.6,New York Rangers
654,25,843,717,46.0,-5.5,-5.1,647,518,44.5,-5.3,63,21,10.8,94.6,105.4,Mark Borowiecki,D,39.0,9,15:55,13:41,77.0,57.1,42.9,Ottawa Senators
655,21,1217,1188,49.4,-1.3,-0.3,912,876,49.0,0.2,81,41,7.4,92.2,99.6,Cody Ceci,D,53.1,14,19:17,15:55,245.0,50.1,49.9,Ottawa Senators
656,24,708,753,51.5,1.7,-1.7,541,537,49.8,1.5,76,9,6.4,92.3,98.7,Alex Chiasson,RW,60.0,22,13:23,10:37,175.0,46.7,53.3,Ottawa Senators
657,28,746,767,50.7,-0.4,4.7,562,554,49.6,-0.1,68,19,8.0,94.3,102.3,Erik Condra,RW,54.9,37,14:27,12:07,193.0,59.2,40.8,Ottawa Senators
658,24,815,775,48.7,-2.6,-6.2,639,554,46.4,-3.0,54,33,8.7,90.1,98.8,Jared Cowen,D,45.2,13,18:09,15:54,104.0,54.7,45.3,Ottawa Senators
659,28,221,235,51.5,1.3,-0.2,164,166,50.3,1.8,26,6,3.3,93.5,96.8,Colin Greening,LW,63.5,8,9:49,9:46,63.0,59.2,40.8,Ottawa Senators
660,26,938,825,46.8,-4.3,-7.9,725,587,44.7,-4.9,75,40,10.4,93.3,103.7,Eric Gryba,D,42.4,12,15:39,13:08,151.0,58.7,41.3,Ottawa Senators
661,25,903,1003,52.6,3.1,5.4,681,727,51.6,3.8,79,45,10.9,92.1,103.0,Mike Hoffman,LW,53.5,57,14:33,12:44,370.0,40.5,59.5,Ottawa Senators
662,24,1625,1834,53.0,4.9,2.0,1276,1321,50.9,4.0,82,99,9.0,91.9,100.9,Erik Karlsson,D,51.8,59,27:15,21:52,564.0,46.7,53.3,Ottawa Senators
663,19,731,752,50.7,0.6,0.1,559,552,49.7,1.3,67,13,8.3,92.1,100.4,Curtis Lazar,C,55.8,24,12:54,12:15,165.0,51.6,48.4,Ottawa Senators
664,34,707,687,49.3,-1.4,-2.5,549,492,47.3,-2.0,80,25,7.3,94.3,101.6,David Legwand,C,56.2,30,13:54,9:53,162.0,56.6,43.4,Ottawa Senators
665,29,802,814,50.4,1.0,-4.1,647,590,47.7,0.2,62,36,8.9,91.9,100.8,Clarke MacArthur,LW,57.4,31,17:00,13:41,244.0,50.9,49.1,Ottawa Senators
666,29,799,931,53.8,3.3,7.6,608,676,52.6,3.4,45,24,9.6,94.4,104.0,Marc Methot,D,53.8,12,22:40,20:40,91.0,45.3,54.7,Ottawa Senators
667,30,799,761,48.8,-1.9,-1.5,610,541,47.0,-2.2,66,12,8.7,92.7,101.4,Milan Michalek,LW,55.3,23,16:22,12:39,235.0,54.1,45.9,Ottawa Senators
668,35,331,276,45.5,-4.0,-2.2,255,198,43.7,-3.6,38,2,8.5,96.2,104.7,Chris Neil,RW,48.9,4,9:44,9:34,47.0,56.4,43.6,Ottawa Senators
669,22,530,565,51.6,0.1,2.6,393,418,51.5,1.5,50,13,7.2,93.1,100.3,Jean-Gabriel Pageau,C,66.0,19,14:11,12:03,147.0,56.5,43.5,Ottawa Senators
670,36,642,503,43.9,-6.8,-8.2,488,365,42.8,-6.1,36,26,7.5,94.0,101.4,Chris Phillips,D,42.0,7,20:54,17:37,69.0,53.7,46.3,Ottawa Senators
671,22,13,22,62.9,10.1,-0.6,11,16,59.3,9.3,2,0,9.1,100.0,109.1,Shane Prince,LW,33.3,0,10:29,10:29,6.0,57.1,42.9,Ottawa Senators
672,22,86,103,54.5,0.9,1.4,69,73,51.4,-1.8,13,0,12.3,98.0,110.2,Matt Puempel,LW,53.8,3,8:02,7:60,26.0,43.8,56.2,Ottawa Senators
673,27,1071,1089,50.4,0.2,-0.5,822,783,48.8,0.0,78,41,9.3,92.5,101.8,Bobby Ryan,RW,59.9,59,17:28,14:12,367.0,44.6,55.4,Ottawa Senators
674,26,353,313,47.0,-1.4,-1.9,281,213,43.1,-3.7,37,7,2.6,94.4,97.0,Zack Smith,C,58.5,15,12:02,10:52,65.0,56.4,43.6,Ottawa Senators
675,22,981,1071,52.2,2.6,0.7,761,788,50.9,3.0,80,43,12.0,92.4,104.4,Mark Stone,RW,60.2,98,17:01,13:12,261.0,48.0,52.0,Ottawa Senators
676,25,1216,1263,50.9,1.1,-3.6,950,919,49.2,0.8,82,46,9.9,92.0,101.9,Kyle Turris,C,51.2,48,19:13,15:25,420.0,49.4,50.6,Ottawa Senators
677,24,735,895,54.9,6.0,7.3,567,672,54.2,7.0,56,47,6.6,92.8,99.4,Patrick Wiercioch,D,43.6,10,18:03,15:27,181.0,43.5,56.5,Ottawa Senators
678,21,1015,1034,50.5,0.2,0.0,774,757,49.4,0.8,80,27,8.9,92.2,101.1,Mika Zibanejad,C,51.2,34,16:26,13:26,293.0,44.6,55.4,Ottawa Senators
679,24,114,71,38.4,-9.5,-2.1,82,53,39.3,-9.1,13,3,2.6,96.9,99.4,Jason Akeson,RW,45.0,1,8:03,7:49,20.0,50.0,50.0,Philadelphia Flyers
680,23,5,12,70.6,40.5,-0.4,4,7,63.6,40.0,1,0,0.0,75.0,75.0,Mark Alt,D,0.0,0,9:25,9:25,6.0,50.0,50.0,Philadelphia Flyers
681,29,819,705,46.3,-4.1,0.0,573,525,47.8,-1.7,81,19,6.9,92.7,99.6,Pierre-Edouard Bellemare,LW,55.4,32,12:50,10:41,204.0,51.5,48.5,Philadelphia Flyers
682,29,567,583,50.7,-0.5,4.9,414,447,51.9,1.5,39,19,7.0,91.4,98.4,Braydon Coburn,D,42.1,8,20:14,17:04,107.0,55.7,44.3,Philadelphia Flyers
683,32,423,519,55.1,9.0,2.0,311,370,54.3,9.0,33,18,5.2,93.8,99.0,Carlo Colaiacovo,D,38.9,10,16:29,15:43,108.0,44.6,55.4,Philadelphia Flyers
684,21,91,79,46.5,-0.9,-0.4,67,63,48.5,2.5,11,2,7.0,96.0,103.0,Nick Cousins,C,66.7,5,8:49,8:39,9.0,43.5,56.5,Philadelphia Flyers
685,22,1095,1019,48.2,-1.8,-5.0,812,730,47.3,-2.5,82,30,9.3,93.0,102.3,Sean Couturier,C,54.6,40,18:23,14:30,271.0,59.9,40.1,Philadelphia Flyers
686,24,1175,1120,48.8,-0.6,-5.2,841,809,49.0,0.4,64,36,8.0,91.6,99.6,Michael Del Zotto,D,53.1,14,21:55,18:15,224.0,49.2,50.8,Philadelphia Flyers
687,27,1223,1418,53.7,6.5,12.7,891,1004,53.0,5.9,81,36,7.3,91.3,98.6,Claude Giroux,C,57.3,40,20:34,16:30,487.0,46.0,54.0,Philadelphia Flyers
688,21,28,16,36.4,-3.8,-1.1,22,11,33.3,-11.4,2,3,0.0,87.5,87.5,Shayne Gostisbehere,D,33.3,1,12:34,10:24,6.0,36.4,63.6,Philadelphia Flyers
689,30,1008,863,46.1,-4.1,-3.7,738,609,45.2,-5.0,68,23,8.8,94.1,102.9,Nicklas Grossmann,D,41.3,10,17:39,15:28,104.0,48.9,51.1,Philadelphia Flyers
690,28,31,19,38.0,-14.3,-0.8,24,14,36.8,-13.2,4,1,0.0,81.0,81.0,Blair Jones,C,0.0,1,6:55,6:55,3.0,63.6,36.4,Philadelphia Flyers
691,20,331,282,46.0,-3.6,1.1,248,203,45.0,-5.2,31,12,7.3,93.4,100.7,Scott Laughton,C,57.3,11,12:43,11:25,89.0,49.7,50.3,Philadelphia Flyers
692,25,7,10,58.8,26.3,-0.5,6,6,50.0,24.1,1,1,0.0,80.0,80.0,Oliver Lauridsen,D,66.7,0,10:26,9:05,3.0,57.1,42.9,Philadelphia Flyers
693,34,583,525,47.4,-2.5,-1.7,427,384,47.3,-1.0,57,16,8.5,90.6,99.0,Vincent Lecavalier,C,55.1,11,12:39,10:43,187.0,41.0,59.0,Philadelphia Flyers
694,28,887,859,49.2,-1.0,1.4,668,615,47.9,-2.2,58,25,6.7,92.5,99.1,Andrew MacDonald,D,40.8,12,20:01,16:60,152.0,46.2,53.8,Philadelphia Flyers
695,24,131,138,51.3,4.2,2.2,92,104,53.1,6.1,11,6,7.3,94.6,101.9,Brandon Manning,D,41.7,0,17:10,14:21,24.0,54.3,45.7,Philadelphia Flyers
696,26,728,921,55.9,7.6,10.2,520,667,56.2,8.5,67,18,8.7,90.2,98.8,Michael Raffl,LW,60.4,21,14:12,12:50,222.0,43.1,56.9,Philadelphia Flyers
697,28,1054,925,46.7,-3.7,-11.9,784,669,46.0,-4.2,80,33,8.1,93.0,101.1,Matt Read,RW,55.5,32,17:34,13:57,256.0,58.6,41.4,Philadelphia Flyers
698,24,464,372,44.5,-5.8,-5.4,337,272,44.7,-5.3,58,9,5.6,91.8,97.4,Zac Rinaldo,C,59.2,9,8:55,8:34,76.0,51.0,49.0,Philadelphia Flyers
699,23,1098,1099,50.0,0.8,1.2,818,776,48.7,-0.6,82,31,6.8,93.1,99.9,Brayden Schenn,C,52.2,28,17:05,14:03,299.0,41.5,58.5,Philadelphia Flyers
700,25,861,872,50.3,0.3,-3.8,628,616,49.5,0.3,58,39,7.9,91.6,99.4,Luke Schenn,D,43.5,7,18:04,15:41,154.0,47.0,53.0,Philadelphia Flyers
701,32,1214,1081,47.1,-3.6,-1.4,862,796,48.0,-1.9,80,23,7.5,93.5,101.0,Nick Schultz,D,44.5,6,19:03,16:09,155.0,55.7,44.3,Philadelphia Flyers
702,26,913,961,51.3,2.0,4.8,669,699,51.1,2.4,75,29,7.9,91.7,99.6,Wayne Simmonds,RW,58.2,33,16:48,13:39,323.0,47.2,52.8,Philadelphia Flyers
703,22,20,29,59.2,13.4,0.5,13,18,58.1,12.3,3,1,14.3,90.0,104.3,Petr Straka,RW,40.0,1,9:27,9:27,5.0,53.8,46.2,Philadelphia Flyers
704,37,1394,1422,50.5,1.5,3.5,1047,1026,49.5,0.5,81,41,7.9,91.6,99.6,Mark Streit,D,45.6,16,22:22,18:25,316.0,42.2,57.8,Philadelphia Flyers
705,32,747,646,46.4,-4.7,-11.0,560,463,45.3,-5.8,67,11,6.5,93.1,99.6,R.J. Umberger,LW,54.2,9,13:49,11:31,177.0,53.0,47.0,Philadelphia Flyers
706,27,676,585,46.4,-4.0,-2.1,478,427,47.2,-2.4,72,5,7.3,91.3,98.6,Chris VandeVelde,C,57.9,13,11:44,9:57,121.0,49.2,50.8,Philadelphia Flyers
707,25,1114,1332,54.5,7.3,14.7,832,952,53.4,6.3,82,42,8.1,91.3,99.4,Jakub Voracek,RW,52.9,34,18:35,15:17,418.0,38.9,61.1,Philadelphia Flyers
708,26,314,323,50.7,1.3,0.6,222,235,51.4,2.8,34,8,7.6,93.9,101.5,Ryan White,C,63.4,8,11:43,10:43,71.0,46.3,53.7,Philadelphia Flyers
709,37,396,363,47.8,-6.3,-3.4,292,268,47.9,-6.6,70,7,5.6,93.7,99.2,Craig Adams,RW,67.1,6,9:45,7:10,76.0,50.0,50.0,Pittsburgh Penguins
710,26,77,115,59.9,5.1,2.3,59,92,60.9,5.9,10,5,4.9,94.7,99.7,Mark Arcobello,C,52.0,2,12:05,11:41,25.0,43.1,56.9,Pittsburgh Penguins
711,23,466,527,53.1,-0.9,1.5,325,392,54.7,1.3,49,17,6.8,91.4,98.2,Beau Bennett,RW,55.9,9,12:29,11:43,145.0,49.7,50.3,Pittsburgh Penguins
712,25,447,471,51.3,-4.4,-0.9,319,339,51.5,-3.6,38,7,6.5,90.5,97.0,Robert Bortuzzo,D,43.5,3,15:28,14:08,85.0,46.8,53.2,Pittsburgh Penguins
713,27,73,78,51.7,-3.1,1.9,53,68,56.2,5.1,7,4,0.0,97.5,97.5,Taylor Chorney,D,30.8,0,12:10,11:19,13.0,32.1,67.9,Pittsburgh Penguins
714,25,261,348,57.1,2.8,6.1,193,270,58.3,3.7,20,4,6.0,90.1,96.0,Ian Cole,D,45.6,5,18:29,16:51,68.0,34.8,65.2,Pittsburgh Penguins
715,28,761,878,53.6,1.9,2.1,585,637,52.1,-0.7,61,19,8.0,93.0,101.0,Blake Comeau,LW,54.6,16,15:16,14:02,269.0,44.6,55.4,Pittsburgh Penguins
716,27,1023,1316,56.3,4.9,15.6,767,987,56.3,5.0,77,53,8.7,91.5,100.2,Sidney Crosby,C,62.3,37,19:58,15:59,379.0,40.8,59.2,Pittsburgh Penguins
717,23,712,797,52.8,0.1,1.4,523,593,53.1,0.7,59,24,8.7,92.0,100.8,Simon Despres,D,45.5,6,16:22,15:14,167.0,49.2,50.8,Pittsburgh Penguins
718,27,679,672,49.7,-4.6,-2.2,482,503,51.1,-3.2,72,24,8.1,92.3,100.4,Steve Downie,RW,65.8,16,12:26,10:59,158.0,47.1,52.9,Pittsburgh Penguins
719,23,104,87,45.5,-4.7,-2.0,79,63,44.4,-6.2,8,3,12.5,90.9,103.4,Brian Dumoulin,D,80.0,0,15:40,14:40,5.0,56.5,43.5,Pittsburgh Penguins
720,35,165,197,54.4,0.6,0.9,132,152,53.5,-1.9,16,5,8.5,92.1,100.6,Pascal Dupuis,RW,68.2,6,16:39,12:43,66.0,42.4,57.6,Pittsburgh Penguins
721,32,153,150,49.5,-4.4,-1.4,111,102,47.9,-5.8,24,3,9.2,92.2,101.4,Andrew Ebbett,C,56.8,6,9:00,8:06,37.0,49.4,50.6,Pittsburgh Penguins
722,32,788,840,51.6,-1.9,0.9,606,603,49.9,-5.2,49,21,9.0,92.2,101.2,Christian Ehrhoff,D,48.7,12,21:46,17:56,226.0,47.3,52.7,Pittsburgh Penguins
723,26,69,59,46.1,-5.5,-0.8,43,43,50.0,-1.0,11,1,3.2,97.1,100.4,Bobby Farnham,RW,42.9,0,7:11,7:05,14.0,44.2,55.8,Pittsburgh Penguins
724,31,301,297,49.7,-2.9,-2.0,226,224,49.8,-2.9,43,8,5.5,93.2,98.7,Marcel Goc,C,58.1,8,12:27,8:59,74.0,56.6,43.4,Pittsburgh Penguins
725,21,121,134,52.5,0.6,-2.0,99,98,49.7,-2.9,10,1,4.1,81.7,85.8,Scott Harrington,D,52.9,1,15:48,14:08,17.0,41.6,58.4,Pittsburgh Penguins
726,28,757,933,55.2,3.8,12.1,566,686,54.8,3.3,64,9,11.0,91.0,102.1,Patric Hornqvist,RW,59.6,31,17:39,14:18,369.0,43.3,56.7,Pittsburgh Penguins
727,28,83,99,54.4,1.0,-1.3,64,73,53.3,-0.1,10,2,5.8,93.3,99.1,Rob Klinkhammer,C,66.7,2,11:08,11:06,15.0,55.3,44.7,Pittsburgh Penguins
728,35,884,1171,57.0,5.6,9.0,667,877,56.8,5.3,74,24,7.4,91.8,99.3,Chris Kunitz,LW,55.9,31,17:53,14:39,304.0,41.0,59.0,Pittsburgh Penguins
729,29,273,228,45.5,-11.8,-3.9,198,164,45.3,-11.9,35,5,3.1,88.7,91.8,Maxim Lapierre,C,67.2,1,11:10,8:54,64.0,56.5,43.5,Pittsburgh Penguins
730,27,1095,1396,56.0,4.5,8.6,801,1032,56.3,4.6,69,60,8.6,92.1,100.7,Kris Letang,D,51.6,39,25:29,18:52,382.0,43.9,56.1,Pittsburgh Penguins
731,30,315,375,54.3,-1.8,0.9,233,286,55.1,-1.1,20,7,4.4,90.7,95.0,Ben Lovejoy,D,48.6,5,21:13,18:32,74.0,47.7,52.3,Pittsburgh Penguins
732,20,308,323,51.2,3.3,0.9,230,238,50.9,2.2,20,11,8.7,91.2,100.0,Olli Maatta,D,48.2,3,20:43,17:05,56.0,48.1,51.9,Pittsburgh Penguins
733,28,909,1132,55.5,4.2,9.3,692,827,54.4,2.4,69,53,8.8,91.6,100.5,Evgeni Malkin,C,54.8,45,18:58,15:14,387.0,43.1,56.9,Pittsburgh Penguins
734,33,1138,1288,53.1,-0.6,10.3,827,969,54.0,0.3,74,37,8.2,93.2,101.4,Paul Martin,D,37.0,24,22:47,18:34,162.0,47.9,52.1,Pittsburgh Penguins
735,24,114,97,46.0,-7.0,-2.0,84,63,42.9,-9.5,12,4,4.3,94.1,98.5,Jayson Megna,C,56.5,3,11:02,10:30,23.0,62.9,37.1,Pittsburgh Penguins
736,26,493,676,57.8,4.7,7.9,374,510,57.7,4.7,43,14,6.7,89.0,95.7,David Perron,LW,62.6,22,17:37,14:52,195.0,39.1,60.9,Pittsburgh Penguins
737,21,409,481,54.0,1.7,-0.1,318,357,52.9,0.9,34,18,5.5,90.9,96.4,Derrick Pouliot,D,49.1,11,17:33,14:59,114.0,42.9,57.1,Pittsburgh Penguins
738,22,141,158,52.8,0.2,0.1,106,114,51.8,-0.5,14,6,6.0,90.1,96.1,Bryan Rust,RW,70.8,2,12:02,11:33,48.0,40.4,59.6,Pittsburgh Penguins
739,36,1073,1129,51.3,-2.7,1.8,782,843,51.9,-1.9,82,44,7.3,93.2,100.5,Rob Scuderi,D,44.1,8,19:08,15:57,118.0,45.8,54.2,Pittsburgh Penguins
740,26,281,220,43.9,-9.8,-3.6,206,158,43.4,-10.7,42,4,4.4,93.9,98.3,Zach Sill,C,56.5,10,8:18,7:42,46.0,46.4,53.6,Pittsburgh Penguins
741,26,880,956,52.1,-1.6,-0.2,631,712,53.0,-0.5,82,13,7.3,91.3,98.6,Nick Spaling,C,52.3,24,15:14,13:08,172.0,47.9,52.1,Pittsburgh Penguins
742,25,934,933,50.0,-4.5,-1.9,679,707,51.0,-3.3,80,33,6.5,93.3,99.9,Brandon Sutter,C,65.0,41,17:19,13:31,277.0,53.2,46.8,Pittsburgh Penguins
743,22,10,7,41.2,-14.1,-0.5,6,4,40.0,-12.1,2,0,0.0,75.0,75.0,Dominik Uher,C,,0,6:28,6:14,0.0,66.7,33.3,Pittsburgh Penguins
744,22,3,1,25.0,-16.0,0.0,3,1,25.0,-14.7,1,0,0.0,,,Scott Wilson,C,,0,4:21,4:21,,66.7,33.3,Pittsburgh Penguins
745,29,230,286,55.4,0.3,7.0,156,228,59.4,5.2,21,7,7.7,94.8,102.5,Daniel Winnik,C,61.4,6,16:07,13:18,44.0,40.5,59.5,Pittsburgh Penguins
746,27,1199,1208,50.2,-1.8,4.1,869,864,49.9,-1.9,70,36,8.7,92.2,100.8,Justin Braun,D,44.5,19,21:02,18:11,211.0,56.5,43.5,San Jose Sharks
747,29,89,73,45.1,-5.8,1.5,53,50,48.5,-4.1,12,0,3.3,97.1,100.5,Mike Brown,RW,45.8,1,8:12,8:12,24.0,54.5,45.5,San Jose Sharks
748,32,224,124,35.6,-19.0,-6.3,166,83,33.3,-19.6,20,2,5.2,92.0,97.2,Adam Burish,RW,56.8,4,11:09,9:27,37.0,69.7,30.3,San Jose Sharks
749,29,1487,1707,53.4,3.6,6.8,1051,1208,53.5,4.0,82,101,8.3,89.9,98.2,Brent Burns,D,47.9,46,23:57,18:32,512.0,48.8,51.2,San Jose Sharks
750,25,1200,1230,50.6,-0.6,-3.3,887,886,50.0,-1.3,82,68,9.4,90.0,99.4,Logan Couture,C,52.9,54,19:02,14:19,478.0,49.5,50.5,San Jose Sharks
751,26,299,298,49.9,-1.8,-4.6,235,208,47.0,-3.7,20,11,2.8,94.2,97.0,Jason Demers,D,30.8,9,18:11,15:23,65.0,48.0,52.0,San Jose Sharks
752,28,515,390,43.1,-9.0,-6.0,366,255,41.1,-10.6,56,15,6.9,93.4,100.3,Andrew Desjardins,C,54.9,9,10:27,9:09,71.0,63.3,36.7,San Jose Sharks
753,24,1029,1083,51.3,0.4,1.8,716,777,52.0,0.9,60,37,6.5,90.1,96.6,Brenden Dillon,D,37.1,11,19:13,17:49,202.0,53.5,46.5,San Jose Sharks
754,26,94,107,53.2,-4.6,1.1,70,75,51.7,-6.7,7,2,5.9,94.1,100.0,Taylor Fedun,D,46.2,3,16:59,14:55,26.0,52.8,47.2,San Jose Sharks
755,21,591,528,47.2,-5.2,-3.1,422,381,47.4,-4.9,60,24,7.1,93.2,100.3,Barclay Goodrow,RW,51.9,27,11:04,10:17,131.0,53.7,46.3,San Jose Sharks
756,28,31,17,35.4,-8.8,0.0,26,10,27.8,-15.9,4,0,0.0,94.7,94.7,Micheal Haley,C,50.0,0,7:31,7:12,2.0,86.7,13.3,San Jose Sharks
757,23,4,1,20.0,-35.4,-0.4,3,1,25.0,-29.7,1,0,0.0,66.7,66.7,Freddie Hamilton,C,,0,8:27,5:07,0.0,66.7,33.3,San Jose Sharks
758,36,839,758,47.5,-4.7,-2.1,619,558,47.4,-4.8,58,16,7.8,92.7,100.6,Scott Hannan,D,55.2,8,16:19,14:25,96.0,47.9,52.1,San Jose Sharks
759,26,31,25,44.6,-2.8,-0.5,27,23,46.0,-2.6,4,1,0.0,90.0,90.0,Eriah Hayes,RW,100.0,1,9:58,9:53,10.0,52.6,47.4,San Jose Sharks
760,21,982,1146,53.9,3.7,3.1,724,820,53.1,3.0,82,64,7.5,91.5,99.0,Tomas Hertl,C,50.3,29,14:33,12:56,286.0,52.4,47.6,San Jose Sharks
761,27,758,814,51.8,0.6,-0.8,562,600,51.6,0.9,53,26,9.1,91.4,100.5,Matt Irwin,D,48.4,14,17:01,15:28,190.0,47.0,53.0,San Jose Sharks
762,24,662,779,54.1,4.4,9.4,475,564,54.3,4.2,53,22,8.9,89.2,98.1,Melker Karlsson,C,57.5,21,15:26,14:06,174.0,49.4,50.6,San Jose Sharks
763,28,259,309,54.4,1.6,-2.4,190,203,51.7,-0.1,25,3,7.4,91.7,99.0,Tyler Kennedy,C,50.5,13,11:03,10:54,95.0,46.2,53.8,San Jose Sharks
764,29,20,29,59.2,,-0.1,15,20,57.1,,2,1,6.3,84.6,90.9,Bryan Lerg,C,88.9,0,12:36,11:34,9.0,64.7,35.3,San Jose Sharks
765,35,1223,1274,51.0,-0.1,-1.1,906,929,50.6,-0.4,82,74,7.8,90.1,97.9,Patrick Marleau,LW,57.2,42,19:34,14:50,397.0,50.2,49.8,San Jose Sharks
766,24,325,283,46.5,-3.8,-1.6,221,190,46.2,-3.5,33,9,6.5,93.8,100.4,Tye McGinn,LW,47.9,7,10:20,10:11,73.0,47.5,52.5,San Jose Sharks
767,19,587,594,50.3,-2.0,-0.1,417,422,50.3,-1.2,39,21,6.0,91.0,96.9,Mirco Mueller,D,44.9,19,16:58,15:46,69.0,51.3,48.7,San Jose Sharks
768,22,911,1006,52.5,1.0,1.4,662,737,52.7,1.9,72,36,7.1,90.0,97.1,Matthew Nieto,LW,61.1,38,15:15,13:10,221.0,50.1,49.9,San Jose Sharks
769,30,1061,1407,57.0,8.3,14.6,745,1014,57.6,9.4,82,62,8.9,91.6,100.5,Joe Pavelski,C,58.9,55,20:08,15:15,419.0,48.5,51.5,San Jose Sharks
770,32,270,224,45.3,-7.2,-2.7,185,150,44.8,-7.5,38,11,9.1,92.7,101.8,John Scott,LW,46.2,7,7:27,7:22,39.0,48.3,51.7,San Jose Sharks
771,26,679,669,49.6,-2.2,2.6,495,488,49.6,-1.6,57,30,6.4,92.8,99.3,James Sheppard,C,53.7,38,13:43,12:39,121.0,58.5,41.5,San Jose Sharks
772,26,167,169,50.3,-3.9,1.5,105,122,53.7,-0.9,19,6,5.9,97.3,103.1,Ben Smith,RW,55.6,5,11:20,10:07,27.0,47.0,53.0,San Jose Sharks
773,27,79,109,58.0,3.0,2.7,58,84,59.2,0.8,5,5,3.8,88.9,92.7,Karl Stollery,D,35.3,1,18:03,15:52,17.0,42.4,57.6,San Jose Sharks
774,23,29,31,51.7,0.9,0.6,22,26,54.2,2.0,5,0,11.1,100.0,111.1,Daniil Tarasov,RW,71.4,1,7:34,7:11,7.0,44.0,56.0,San Jose Sharks
775,24,397,363,47.8,-3.6,-2.2,291,263,47.5,-4.1,27,18,6.9,93.9,100.8,Matt Tennyson,D,43.5,11,17:34,15:05,85.0,47.4,52.6,San Jose Sharks
776,35,965,1364,58.6,10.1,17.1,682,983,59.0,11.0,78,90,8.0,89.1,97.1,Joe Thornton,C,51.0,60,18:24,14:51,253.0,50.2,49.8,San Jose Sharks
777,20,506,456,47.4,-4.5,0.9,374,335,47.2,-5.0,43,20,9.5,92.5,101.9,Chris Tierney,C,53.9,19,12:15,11:17,89.0,50.4,49.6,San Jose Sharks
778,27,1177,1270,51.9,1.6,5.7,863,918,51.5,1.6,70,31,8.9,92.6,101.6,Marc-Edouard Vlasic,D,41.1,11,22:07,18:08,236.0,57.4,42.6,San Jose Sharks
779,26,1051,992,48.6,-3.4,-0.4,779,720,48.0,-3.7,75,40,6.8,91.9,98.6,Tommy Wingels,C,59.7,33,16:28,13:35,263.0,49.9,50.1,San Jose Sharks
780,30,1078,1085,50.2,-2.7,6.6,747,836,52.8,-0.6,80,29,10.3,90.4,100.8,David Backes,C,60.5,38,18:38,14:25,301.0,57.7,42.3,St. Louis Blues
781,26,778,931,54.5,3.3,6.8,577,716,55.4,2.9,77,13,7.3,91.0,98.2,Patrik Berglund,C,62.2,36,14:34,12:56,230.0,53.8,46.2,St. Louis Blues
782,25,129,173,57.3,3.3,3.9,84,128,60.4,6.5,13,2,4.3,87.7,92.0,Robert Bortuzzo,D,48.7,0,14:06,13:32,39.0,48.9,51.1,St. Louis Blues
783,31,1208,1208,50.0,-4.1,0.4,893,937,51.2,-3.9,72,18,8.6,92.4,101.0,Jay Bouwmeester,D,46.2,14,22:40,18:36,199.0,52.2,47.8,St. Louis Blues
784,28,472,487,50.8,-0.4,1.4,349,364,51.1,-2.0,33,9,12.8,89.0,101.9,Chris Butler,D,59.3,5,17:11,16:27,91.0,49.2,50.8,St. Louis Blues
785,25,629,721,53.4,2.5,7.3,466,542,53.8,1.1,54,19,7.8,95.7,103.5,Ian Cole,D,44.4,7,15:02,14:30,117.0,56.3,43.7,St. Louis Blues
786,30,8,2,20.0,-34.8,-0.3,6,2,25.0,-32.9,1,0,0.0,80.0,80.0,Colin Fraser,C,100.0,0,4:42,4:42,1.0,100.0,0.0,St. Louis Blues
787,31,222,226,50.4,-2.9,-0.2,163,166,50.5,-3.6,31,5,3.4,96.6,100.0,Marcel Goc,C,60.7,10,10:38,9:18,56.0,52.3,47.7,St. Louis Blues
788,28,870,878,50.2,-1.9,3.6,633,690,52.2,-1.2,61,13,9.4,92.3,101.7,Carl Gunnarsson,D,47.8,11,18:04,16:32,113.0,43.4,56.6,St. Louis Blues
789,33,948,1063,52.9,1.0,4.8,660,795,54.6,1.7,80,30,7.6,91.7,99.3,Barret Jackman,D,54.1,17,16:49,14:32,159.0,57.5,42.5,St. Louis Blues
790,21,503,623,55.3,3.4,7.1,365,486,57.1,4.5,54,11,8.4,91.5,99.9,Dmitrij Jaskin,RW,56.5,16,13:28,12:24,191.0,53.2,46.8,St. Louis Blues
791,36,60,80,57.1,1.4,3.4,45,66,59.5,3.3,8,2,6.3,100.0,106.3,Olli Jokinen,C,58.6,3,11:00,9:60,29.0,51.0,49.0,St. Louis Blues
792,29,360,264,42.3,-10.4,-5.2,259,203,43.9,-10.3,45,3,7.9,92.6,100.5,Maxim Lapierre,C,63.2,10,10:21,8:32,68.0,62.3,37.7,St. Louis Blues
793,27,847,923,52.1,0.2,5.0,593,672,53.1,-0.2,75,16,11.3,92.2,103.5,Jori Lehtera,C,59.5,40,16:13,13:29,173.0,41.4,58.6,St. Louis Blues
794,34,68,87,56.1,-0.9,1.2,44,63,58.9,1.9,7,0,4.5,94.3,98.8,Jordan Leopold,D,12.5,0,13:04,12:49,8.0,37.5,62.5,St. Louis Blues
795,21,281,295,51.2,-0.6,-1.0,202,209,50.9,-2.3,23,3,7.1,91.7,98.8,Petteri Lindbohm,D,60.4,6,15:34,15:12,53.0,49.3,50.7,St. Louis Blues
796,31,295,308,51.1,0.5,1.2,219,232,51.4,0.2,34,8,2.3,92.5,94.8,Joakim Lindstrom,C,51.9,11,11:05,10:08,79.0,45.0,55.0,St. Louis Blues
797,32,233,250,51.8,-2.8,2.4,157,188,54.5,0.0,15,3,7.7,92.5,100.2,Zbynek Michalek,D,50.0,4,19:37,17:35,38.0,55.5,44.5,St. Louis Blues
798,28,977,1070,52.3,0.4,10.3,708,829,53.9,0.8,72,31,10.9,90.9,101.8,T.J. Oshie,RW,56.1,48,18:50,15:09,289.0,54.7,45.3,St. Louis Blues
799,32,665,584,46.8,-6.9,-7.4,484,436,47.4,-7.6,78,8,5.1,93.2,98.3,Steve Ott,C,46.2,21,11:38,9:58,104.0,58.0,42.0,St. Louis Blues
800,23,69,79,53.4,0.3,-0.1,53,55,50.9,-2.6,10,1,2.3,91.9,94.2,Magnus Paajarvi,LW,56.3,0,9:48,9:29,16.0,54.3,45.7,St. Louis Blues
801,25,1458,1485,50.5,-2.8,-4.3,1068,1137,51.6,-2.9,81,38,8.7,90.9,99.6,Alex Pietrangelo,D,53.4,33,25:25,19:54,365.0,51.6,48.4,St. Louis Blues
802,30,173,188,52.1,0.0,-1.4,130,133,50.6,-2.6,24,1,3.6,94.1,97.6,Chris Porter,LW,54.5,1,9:33,9:20,44.0,53.7,46.3,St. Louis Blues
803,21,67,73,52.1,-0.8,0.7,44,52,54.2,-0.2,11,0,5.4,93.5,99.0,Ty Rattie,RW,44.4,0,9:06,8:29,18.0,35.9,64.1,St. Louis Blues
804,28,586,485,45.3,-8.1,-7.1,438,372,45.9,-8.8,81,6,6.0,94.0,100.0,Ryan Reaves,RW,59.1,14,8:31,8:29,93.0,51.2,48.8,St. Louis Blues
805,22,971,1081,52.7,0.6,3.5,684,801,53.9,0.6,75,26,9.4,91.6,101.0,Jaden Schwartz,LW,62.8,59,18:15,14:48,293.0,42.4,57.6,St. Louis Blues
806,26,806,971,54.6,4.4,11.4,584,739,55.9,4.2,56,35,9.6,92.5,102.2,Kevin Shattenkirk,D,51.5,25,22:34,17:22,262.0,44.2,55.8,St. Louis Blues
807,29,903,1077,54.4,3.2,8.8,685,833,54.9,2.1,74,9,8.1,91.3,99.4,Paul Stastny,C,61.0,28,17:38,14:23,228.0,50.5,49.5,St. Louis Blues
808,30,986,1114,53.0,1.4,10.9,723,852,54.1,1.2,74,31,9.8,90.9,100.7,Alex Steen,LW,53.7,39,19:59,14:55,410.0,50.8,49.2,St. Louis Blues
809,23,955,1187,55.4,4.7,11.6,681,881,56.4,4.5,77,19,10.9,92.1,103.0,Vladimir Tarasenko,RW,51.7,35,17:37,14:51,511.0,40.3,59.7,St. Louis Blues
810,29,14,16,53.3,3.8,-0.2,12,10,45.5,-1.4,3,0,0.0,100.0,100.0,Mike Angelidis,LW,,0,7:21,7:18,0.0,25.0,75.0,Tampa Bay Lightning
811,24,697,777,52.7,1.2,4.6,527,571,52.0,0.9,52,20,6.7,91.5,98.2,Mark Barberio,D,43.4,13,16:47,15:56,122.0,45.6,54.4,Tampa Bay Lightning
812,28,15,12,44.4,-13.7,-0.6,12,9,42.9,-11.4,2,0,0.0,87.5,87.5,Mike Blunden,RW,0.0,0,9:47,9:47,1.0,50.0,50.0,Tampa Bay Lightning
813,30,707,680,49.0,-4.5,1.5,491,505,50.7,-2.5,82,13,8.3,91.1,99.4,Brian Boyle,C,60.7,32,12:60,10:16,219.0,62.7,37.3,Tampa Bay Lightning
814,35,229,203,47.0,-6.5,2.6,163,154,48.6,-6.3,17,5,12.1,89.7,101.8,Eric Brewer,D,38.9,0,17:50,15:37,36.0,44.0,56.0,Tampa Bay Lightning
815,24,402,400,49.9,-1.8,-0.9,298,294,49.7,-2.0,52,18,7.5,91.7,99.2,J.T. Brown,RW,60.2,7,10:36,9:21,128.0,56.1,43.9,Tampa Bay Lightning
816,29,957,1076,52.9,0.2,10.9,704,778,52.5,-0.8,77,24,9.6,91.4,101.0,Ryan Callahan,RW,63.0,43,17:44,14:25,305.0,41.1,58.9,Tampa Bay Lightning
817,30,871,970,52.7,-0.5,3.9,634,722,53.2,-0.7,59,41,8.4,92.9,101.3,Matt Carle,D,49.7,13,20:29,17:35,149.0,49.2,50.8,Tampa Bay Lightning
818,29,64,50,43.9,-15.9,0.2,40,31,43.7,-13.9,4,3,11.5,100.0,111.5,Braydon Coburn,D,10.0,2,17:02,15:40,10.0,50.0,50.0,Tampa Bay Lightning
819,22,372,456,55.1,1.2,-0.6,268,326,54.9,0.8,50,6,8.1,92.7,100.8,Brett Connolly,RW,57.4,8,11:56,9:46,129.0,47.7,52.3,Tampa Bay Lightning
820,19,647,752,53.8,1.5,5.2,484,573,54.2,2.2,70,26,8.1,91.1,99.2,Jonathan Drouin,LW,48.4,36,13:14,11:19,153.0,40.8,59.2,Tampa Bay Lightning
821,30,1056,1063,50.2,-3.5,-0.1,790,781,49.7,-4.4,82,27,8.1,90.3,98.4,Valtteri Filppula,C,57.6,46,19:01,14:19,151.0,47.6,52.4,Tampa Bay Lightning
822,30,966,1037,51.8,-1.5,9.0,710,772,52.1,-1.0,70,29,10.7,93.2,103.9,Jason Garrison,D,47.0,21,20:01,15:59,236.0,47.8,52.2,Tampa Bay Lightning
823,24,484,512,51.4,-3.8,1.7,352,395,52.9,-2.7,31,12,6.0,91.8,97.9,Radko Gudas,D,47.7,9,16:59,15:57,132.0,45.0,55.0,Tampa Bay Lightning
824,24,882,1025,53.7,1.0,3.6,653,746,53.3,0.4,59,67,12.0,88.7,100.7,Victor Hedman,D,46.4,29,22:41,17:40,250.0,40.4,59.6,Tampa Bay Lightning
825,24,906,1056,53.8,1.7,15.7,687,806,54.0,1.7,77,30,12.4,91.8,104.1,Tyler Johnson,C,59.5,24,17:14,13:10,321.0,45.2,54.8,Tampa Bay Lightning
826,25,795,967,54.9,2.7,11.8,584,711,54.9,2.8,71,39,9.8,90.0,99.8,Alex Killorn,C,57.6,28,16:56,13:56,224.0,39.6,60.4,Tampa Bay Lightning
827,20,43,43,50.0,,0.0,32,35,52.2,,3,0,4.5,96.2,100.7,Slater Koekkoek,D,75.0,1,16:35,15:49,8.0,51.9,48.1,Tampa Bay Lightning
828,21,880,1109,55.8,4.3,17.2,670,852,56.0,4.3,82,48,12.6,91.4,104.0,Nikita Kucherov,RW,58.7,22,14:57,12:40,329.0,39.3,60.7,Tampa Bay Lightning
829,24,22,20,47.6,1.6,-0.9,21,16,43.2,-5.7,2,0,16.7,93.3,110.0,Jon Marchessault,C,60.0,1,11:57,11:10,5.0,75.0,25.0,Tampa Bay Lightning
830,36,480,528,52.4,-0.4,3.7,340,385,53.1,0.1,70,20,6.7,91.7,98.4,Brenden Morrow,LW,46.7,11,9:20,9:05,60.0,57.4,42.6,Tampa Bay Lightning
831,22,383,373,49.3,-2.3,-0.8,286,276,49.1,-3.4,43,9,9.4,91.3,100.7,Vladislav Namestnikov,C,63.9,16,11:60,10:46,72.0,47.9,52.1,Tampa Bay Lightning
832,21,358,422,54.1,5.0,4.3,286,328,53.4,2.7,27,14,10.5,90.7,101.1,Nikita Nesterov,D,51.1,16,16:03,15:21,92.0,48.4,51.6,Tampa Bay Lightning
833,23,855,1055,55.2,3.6,13.7,652,809,55.4,3.2,75,44,12.2,91.7,103.8,Ondrej Palat,LW,51.9,44,17:26,13:14,270.0,43.4,56.6,Tampa Bay Lightning
834,21,609,618,50.4,-3.4,2.0,433,475,52.3,-1.4,64,21,6.2,93.3,99.4,Cedric Paquette,C,59.9,24,13:37,11:24,147.0,52.8,47.2,Tampa Bay Lightning
835,24,1113,1268,53.3,0.8,10.9,833,921,52.5,-0.6,82,33,9.6,90.5,100.1,Steven Stamkos,C,52.8,34,19:22,15:32,481.0,40.1,59.9,Tampa Bay Lightning
836,28,1084,1374,55.9,5.0,17.6,812,1017,55.6,4.3,82,40,10.7,89.8,100.5,Anton Stralman,D,50.4,23,21:57,16:46,278.0,46.2,53.8,Tampa Bay Lightning
837,24,985,951,49.1,-5.8,3.6,735,710,49.1,-5.9,72,28,8.8,92.8,101.6,Andrej Sustr,D,41.7,17,17:42,16:01,132.0,46.2,53.8,Tampa Bay Lightning
838,24,202,201,49.9,0.3,0.8,150,156,51.0,2.4,16,10,8.5,90.4,98.9,Luke Witkowski,D,35.5,2,15:11,14:28,31.0,54.7,45.3,Tampa Bay Lightning
839,23,43,28,39.4,-1.8,-0.3,31,22,41.5,0.9,7,1,0.0,88.0,88.0,Carter Ashton,RW,57.1,2,6:13,6:09,7.0,58.3,41.7,Toronto Maple Leafs
840,23,40,42,51.2,7.1,0.9,30,35,53.8,8.4,6,1,7.1,95.0,102.1,Casey Bailey,C,81.8,1,9:02,8:55,11.0,42.9,57.1,Toronto Maple Leafs
841,30,24,24,50.0,2.2,0.2,20,16,44.4,-2.0,5,0,0.0,100.0,100.0,Troy Bodie,RW,50.0,0,4:37,4:37,2.0,42.9,57.1,Toronto Maple Leafs
842,30,577,510,46.9,1.0,-4.2,437,380,46.5,1.1,59,12,5.2,92.3,97.5,David Booth,LW,59.1,27,11:56,10:33,181.0,56.5,43.5,Toronto Maple Leafs
843,28,1353,1168,46.3,-0.1,-20.0,1039,883,45.9,-0.3,82,23,7.2,89.9,97.1,Tyler Bozak,C,62.5,68,19:09,14:56,248.0,50.8,49.2,Toronto Maple Leafs
844,25,76,86,53.1,5.7,-1.6,60,59,49.6,3.6,6,5,2.8,85.4,88.2,T.J. Brennan,D,47.8,1,16:49,12:45,23.0,35.4,64.6,Toronto Maple Leafs
845,35,345,272,44.1,-2.6,-5.3,268,195,42.1,-4.3,18,7,9.5,91.0,100.5,Eric Brewer,D,36.4,5,20:12,17:48,33.0,58.6,41.4,Toronto Maple Leafs
846,22,90,86,48.9,1.2,-0.4,75,64,46.0,-1.7,16,1,6.5,96.0,102.5,Sam Carrick,C,70.8,7,6:29,6:19,24.0,52.5,47.5,Toronto Maple Leafs
847,30,690,583,45.8,-0.7,-0.3,509,445,46.6,0.4,58,12,8.3,90.8,99.2,David Clarkson,RW,58.1,11,13:53,11:56,160.0,57.1,42.9,Toronto Maple Leafs
848,23,198,147,42.6,-3.4,-3.4,156,117,42.9,-2.9,15,7,3.8,93.6,97.4,Tim Erixon,D,40.0,4,15:48,12:43,25.0,42.2,57.8,Toronto Maple Leafs
849,27,917,828,47.4,1.9,0.8,693,648,48.3,3.2,55,54,10.3,89.4,99.7,Cody Franson,D,49.2,36,21:23,16:17,187.0,57.6,42.4,Toronto Maple Leafs
850,27,59,54,47.8,-4.8,-1.3,45,36,44.4,-8.2,9,1,0.0,100.0,100.0,Matt Frattin,RW,54.5,0,7:03,7:01,11.0,61.1,38.9,Toronto Maple Leafs
851,24,1295,1293,50.0,5.7,2.7,1006,949,48.5,3.9,79,66,6.1,91.9,97.9,Jake Gardiner,D,39.5,39,20:58,18:15,253.0,51.2,48.8,Toronto Maple Leafs
852,22,56,41,42.3,-10.7,0.2,36,28,43.8,-7.7,7,3,5.3,96.2,101.4,Petter Granberg,D,50.0,2,11:27,9:06,2.0,46.7,53.3,Toronto Maple Leafs
853,24,732,572,43.9,-2.4,-6.2,572,429,42.9,-3.6,62,21,10.3,91.8,102.1,Peter Holland,C,62.8,67,14:31,11:43,148.0,61.7,38.3,Toronto Maple Leafs
854,26,525,398,43.1,-4.8,-4.0,383,308,44.6,-2.3,34,26,10.0,92.4,102.5,Korbinian Holzer,D,64.0,11,17:06,14:43,50.0,54.1,45.9,Toronto Maple Leafs
855,36,60,64,51.6,0.6,0.0,44,49,52.7,2.7,6,1,3.2,100.0,103.2,Olli Jokinen,C,45.5,3,14:18,11:02,22.0,58.0,42.0,Toronto Maple Leafs
856,24,1067,1071,50.1,5.1,2.4,813,801,49.6,4.6,73,43,9.1,90.9,100.0,Nazem Kadri,C,53.8,44,17:36,14:58,327.0,54.2,45.8,Toronto Maple Leafs
857,27,1358,1190,46.7,0.4,-16.6,1045,900,46.3,0.2,82,64,7.1,90.0,97.1,Phil Kessel,RW,56.4,34,18:48,15:06,495.0,48.0,52.0,Toronto Maple Leafs
858,28,722,627,46.5,-0.8,-0.1,555,491,46.9,0.3,62,18,8.9,91.4,100.3,Leo Komarov,C,60.9,51,14:42,12:00,138.0,60.4,39.6,Toronto Maple Leafs
859,24,136,106,43.8,-2.7,-2.0,105,71,40.3,-5.3,20,4,9.4,88.6,98.0,Brandon Kozun,RW,50.0,7,7:55,7:25,16.0,51.4,48.6,Toronto Maple Leafs
860,21,60,65,52.0,7.2,-0.6,39,53,57.6,11.4,9,0,7.3,88.6,95.9,Josh Leivo,LW,62.5,7,7:39,7:33,16.0,41.3,58.7,Toronto Maple Leafs
861,31,156,157,50.2,4.7,-1.4,124,107,46.3,1.3,19,5,5.3,87.9,93.2,Joakim Lindstrom,C,50.0,9,10:30,9:45,38.0,64.6,35.4,Toronto Maple Leafs
862,31,798,621,43.8,-2.6,-5.8,608,482,44.2,-1.2,55,22,10.4,90.5,100.9,Joffrey Lupul,LW,57.1,36,15:29,13:18,170.0,59.1,40.9,Toronto Maple Leafs
863,24,159,107,40.2,-8.4,-4.0,124,81,39.5,-7.6,12,4,3.3,91.5,94.8,Andrew MacWilliam,D,38.5,2,15:24,12:33,13.0,61.3,38.7,Toronto Maple Leafs
864,22,31,16,34.0,-11.1,-0.7,22,13,37.1,-6.9,3,0,0.0,100.0,100.0,Greg McKegg,C,100.0,0,9:11,9:04,1.0,63.2,36.8,Toronto Maple Leafs
865,32,5,0,0.0,-46.7,0.0,2,0,0.0,-47.1,1,0,,100.0,,Colton Orr,RW,,0,6:06,6:06,,100.0,0.0,Toronto Maple Leafs
866,23,729,678,48.2,2.0,2.2,537,495,48.0,1.8,76,20,7.4,91.1,98.5,Richard Panik,RW,57.2,30,11:39,10:23,152.0,53.7,46.3,Toronto Maple Leafs
867,21,139,107,43.5,-5.4,-0.5,96,80,45.5,-2.2,9,12,6.8,87.1,93.9,Stuart Percy,D,54.2,7,18:05,14:52,24.0,66.7,33.3,Toronto Maple Leafs
868,29,1333,1090,45.0,-0.8,-12.5,1025,835,44.9,-0.7,70,43,10.2,90.5,100.7,Dion Phaneuf,D,45.7,30,23:43,17:24,302.0,57.5,42.5,Toronto Maple Leafs
869,28,1053,852,44.7,-4.2,-12.0,780,635,44.9,-3.5,56,28,6.9,89.7,96.6,Roman Polak,D,47.3,23,21:05,17:55,129.0,59.5,40.5,Toronto Maple Leafs
870,20,1398,1323,48.6,3.6,-10.1,1060,986,48.2,3.3,81,63,7.1,91.9,99.0,Morgan Rielly,D,47.4,41,20:20,17:09,312.0,52.4,47.6,Toronto Maple Leafs
871,37,786,597,43.2,-4.3,-9.0,616,453,42.4,-5.4,52,16,8.6,95.0,103.7,Stephane Robidas,D,38.6,8,17:04,14:44,88.0,51.1,48.9,Toronto Maple Leafs
872,29,766,670,46.7,0.9,-0.2,599,504,45.7,-0.4,57,23,10.6,92.4,103.0,Mike Santorelli,C,66.7,35,14:57,13:50,153.0,59.4,40.6,Toronto Maple Leafs
873,26,122,106,46.5,0.5,0.5,90,72,44.4,-1.0,21,2,3.4,94.2,97.7,Zach Sill,C,53.1,5,8:34,7:20,32.0,61.2,38.8,Toronto Maple Leafs
874,29,484,410,45.9,-0.1,-1.2,349,311,47.1,1.7,54,8,5.9,90.9,96.8,Trevor Smith,C,54.1,18,11:04,9:19,85.0,49.4,50.6,Toronto Maple Leafs
875,25,1397,1140,44.9,-2.2,-22.3,1073,851,44.2,-2.8,82,27,7.2,90.6,97.8,James van Riemsdyk,LW,61.6,46,19:05,14:54,401.0,49.0,51.0,Toronto Maple Leafs
876,29,740,680,47.9,1.8,-3.1,558,505,47.5,1.5,58,18,9.6,94.9,104.5,Daniel Winnik,C,54.3,38,16:50,13:18,129.0,58.2,41.8,Toronto Maple Leafs
877,22,33,30,47.6,-0.2,-0.7,26,21,44.7,-4.8,3,2,11.8,88.2,100.0,Sven Baertschi,LW,66.7,2,12:02,11:13,6.0,47.1,52.9,Vancouver Canucks
878,26,99,73,42.4,-6.9,-3.4,78,58,42.6,-7.8,7,3,12.2,88.1,100.3,Alex Biega,D,36.8,1,15:48,15:19,19.0,49.3,50.7,Vancouver Canucks
879,33,1057,978,48.1,-1.9,-3.1,777,734,48.6,-3.0,60,64,9.4,91.1,100.5,Kevin Bieksa,D,48.1,19,20:50,17:20,206.0,50.3,49.7,Vancouver Canucks
880,26,927,955,50.7,1.8,-0.8,666,711,51.6,1.8,75,24,8.7,91.7,100.4,Nick Bonino,C,60.9,52,16:55,12:57,243.0,53.5,46.5,Vancouver Canucks
881,33,735,809,52.4,4.7,1.4,535,614,53.4,4.9,70,24,8.2,89.7,97.9,Alexandre Burrows,RW,61.4,33,15:29,12:03,236.0,48.4,51.6,Vancouver Canucks
882,22,238,240,50.2,2.1,-0.8,176,188,51.6,4.1,17,12,9.4,91.6,101.0,Adam Clendening,D,38.5,2,17:27,15:41,39.0,46.6,53.4,Vancouver Canucks
883,21,122,115,48.5,-6.5,-2.4,93,92,49.7,-5.0,10,5,3.2,86.2,89.3,Frank Corrado,D,50.0,1,15:40,15:01,16.0,52.1,47.9,Vancouver Canucks
884,26,12,11,47.8,-3.8,0.3,6,10,62.5,8.0,2,0,0.0,100.0,100.0,Brandon DeFazio,LW,50.0,1,5:57,5:57,4.0,40.0,60.0,Vancouver Canucks
885,28,898,675,42.9,-7.6,-8.7,650,524,44.6,-6.5,79,12,10.4,92.3,102.7,Derek Dorsett,RW,53.6,18,12:03,11:09,166.0,50.0,50.0,Vancouver Canucks
886,28,1180,1249,51.4,3.4,5.6,830,938,53.1,4.6,74,72,8.5,91.9,100.4,Alexander Edler,D,48.1,24,23:59,18:16,364.0,51.4,48.6,Vancouver Canucks
887,32,907,930,50.6,1.4,-10.0,682,696,50.5,0.2,59,47,10.0,90.0,100.1,Dan Hamhuis,D,46.1,18,21:32,17:20,178.0,53.2,46.8,Vancouver Canucks
888,28,938,881,48.4,-1.3,-1.8,660,657,49.9,-0.4,81,15,8.6,90.0,98.6,Jannik Hansen,RW,58.3,40,13:58,12:06,247.0,52.8,47.2,Vancouver Canucks
889,31,908,914,50.2,0.7,-1.6,659,691,51.2,0.8,77,19,9.2,92.2,101.4,Chris Higgins,LW,60.4,28,15:47,12:13,283.0,52.1,47.9,Vancouver Canucks
890,19,797,633,44.3,-5.6,-5.4,571,489,46.1,-4.3,68,10,8.0,91.1,99.0,Bo Horvat,C,65.5,13,12:16,11:17,142.0,53.4,46.6,Vancouver Canucks
891,21,42,41,49.4,0.8,0.5,28,32,53.3,3.5,5,1,3.8,90.0,93.8,Nicklas Jensen,RW,77.8,0,9:33,9:16,9.0,47.2,52.8,Vancouver Canucks
892,24,456,454,49.9,-1.0,-3.7,340,345,50.4,-1.6,42,14,9.1,88.3,97.4,Zack Kassian,RW,59.8,10,12:37,11:51,92.0,47.3,52.7,Vancouver Canucks
893,23,333,304,47.7,-3.3,-1.0,243,226,48.2,-3.4,30,9,9.0,90.9,99.9,Ronalds Kenins,LW,55.9,13,12:16,12:09,68.0,57.3,42.7,Vancouver Canucks
894,26,859,782,47.7,-2.3,-5.4,628,585,48.2,-2.7,78,18,8.3,91.8,100.1,Shawn Matthias,C,61.5,35,13:06,11:41,213.0,50.5,49.5,Vancouver Canucks
895,24,86,70,44.9,-1.6,-1.7,62,56,47.5,1.5,8,1,9.1,91.1,100.2,Brandon McMillan,C,46.7,0,11:02,10:21,15.0,59.6,40.4,Vancouver Canucks
896,29,553,501,47.5,-2.2,-0.5,402,377,48.4,-2.8,45,5,8.9,91.2,100.1,Brad Richardson,RW,59.3,12,14:28,12:11,108.0,52.9,47.1,Vancouver Canucks
897,25,1269,1091,46.2,-4.0,-9.2,958,825,46.3,-5.4,76,46,9.0,90.6,99.6,Luca Sbisa,D,46.2,14,18:47,16:35,171.0,52.7,47.3,Vancouver Canucks
898,34,985,1099,52.7,4.9,2.1,740,832,52.9,4.0,82,36,9.3,89.8,99.0,Daniel Sedin,LW,61.1,19,18:21,14:29,370.0,45.7,54.3,Vancouver Canucks
899,34,988,1146,53.7,6.3,5.7,728,865,54.3,5.9,82,37,9.9,89.7,99.6,Henrik Sedin,C,62.3,33,18:36,14:40,162.0,45.8,54.2,Vancouver Canucks
900,27,28,11,28.2,-18.3,-0.8,19,11,36.7,-11.3,3,0,16.7,100.0,116.7,Tom Sestito,LW,50.0,0,6:14,6:14,2.0,70.0,30.0,Vancouver Canucks
901,25,804,653,44.8,-4.6,-6.8,572,500,46.6,-3.3,54,31,9.5,93.6,103.1,Ryan Stanton,D,54.6,10,16:00,14:28,108.0,45.6,54.4,Vancouver Canucks
902,25,1050,1126,51.7,3.6,5.2,729,835,53.4,4.5,70,49,8.5,91.2,99.7,Chris Tanev,D,41.7,26,21:05,17:39,127.0,52.7,47.3,Vancouver Canucks
903,23,782,722,48.0,-1.0,-8.0,598,548,47.8,-2.3,75,28,8.0,92.3,100.3,Linden Vey,RW,48.8,25,13:10,11:11,125.0,47.5,52.5,Vancouver Canucks
904,33,966,1002,50.9,2.3,-2.2,713,745,51.1,1.5,79,26,9.5,91.2,100.6,Radim Vrbata,RW,59.2,33,16:37,13:33,451.0,47.3,52.7,Vancouver Canucks
905,26,918,899,49.5,0.0,-2.1,693,692,50.0,-0.6,65,35,8.7,91.7,100.4,Yannick Weber,D,48.4,14,17:11,15:01,244.0,45.1,54.9,Vancouver Canucks
906,26,1204,1239,50.7,-0.9,4.7,862,883,50.6,-1.4,82,35,8.7,93.2,101.9,Karl Alzner,D,42.7,15,19:26,17:06,171.0,50.5,49.5,Washington Capitals
907,27,1235,1417,53.4,3.2,4.6,890,1044,54.0,3.8,82,35,8.9,90.8,99.6,Nicklas Backstrom,C,53.9,55,20:32,16:20,282.0,44.3,55.7,Washington Capitals
908,29,597,574,49.0,-2.6,2.7,419,417,49.9,-1.7,62,6,9.8,92.1,101.9,Jay Beagle,RW,66.7,30,12:49,10:47,126.0,55.6,44.4,Washington Capitals
909,29,900,930,50.8,-0.8,1.0,652,665,50.5,-1.5,82,41,9.7,92.4,102.1,Troy Brouwer,RW,54.1,44,17:31,12:19,270.0,43.9,56.1,Washington Capitals
910,23,36,18,33.3,-23.2,-0.7,25,13,34.2,-22.5,5,2,10.0,100.0,110.0,Chris Brown,C,100.0,0,6:28,6:27,4.0,26.1,73.9,Washington Capitals
911,19,545,669,55.1,5.2,8.2,376,487,56.4,6.5,53,17,10.4,91.9,102.2,Andre Burakovsky,LW,45.8,18,12:55,11:45,142.0,36.5,63.5,Washington Capitals
912,25,1453,1499,50.8,-1.0,7.0,1023,1087,51.5,0.0,82,88,9.5,91.4,100.9,John Carlson,D,49.0,41,23:04,18:11,394.0,50.3,49.7,Washington Capitals
913,35,801,710,47.0,-5.9,-0.7,585,509,46.5,-6.5,77,15,8.1,92.6,100.7,Jason Chimera,LW,53.6,27,12:56,11:15,179.0,54.4,45.6,Washington Capitals
914,31,15,24,61.5,7.0,0.3,11,18,62.1,6.8,2,0,9.1,100.0,109.1,Chris Conner,RW,42.9,1,8:49,8:49,7.0,25.0,75.0,Washington Capitals
915,29,909,915,50.2,-1.7,7.2,652,659,50.3,-1.7,75,21,9.5,92.2,101.7,Eric Fehr,RW,58.0,48,14:51,13:09,245.0,56.3,43.7,Washington Capitals
916,23,12,25,67.6,20.3,0.7,9,21,70.0,24.2,2,1,8.3,100.0,108.3,Stanislav Galiev,RW,50.0,2,9:23,9:14,4.0,36.4,63.6,Washington Capitals
917,32,209,217,50.9,-2.9,2.1,148,161,52.1,-1.6,17,6,9.7,94.4,104.2,Tim Gleason,D,40.0,5,15:17,14:13,25.0,45.1,54.9,Washington Capitals
918,32,166,173,51.0,-2.4,-0.6,121,126,51.0,-2.7,18,10,5.6,94.1,99.7,Curtis Glencross,LW,61.8,5,12:36,11:35,34.0,53.2,46.8,Washington Capitals
919,29,956,1080,53.0,2.6,5.0,703,799,53.2,2.7,72,61,9.0,93.4,102.5,Mike Green,D,51.6,30,19:06,15:47,308.0,40.0,60.0,Washington Capitals
920,29,416,375,47.4,-4.0,-3.2,299,268,47.3,-4.6,35,9,7.5,94.1,101.6,Jack Hillen,D,34.5,4,12:22,12:05,58.0,40.5,59.5,Washington Capitals
921,24,942,1068,53.1,2.4,7.3,678,757,52.8,1.6,82,30,8.8,91.8,100.6,Marcus Johansson,C,54.5,29,16:29,13:24,253.0,41.4,58.6,Washington Capitals
922,22,833,831,49.9,-2.1,1.3,617,593,49.0,-3.5,80,24,9.5,94.1,103.6,Evgeny Kuznetsov,C,55.0,32,13:20,11:50,229.0,43.6,56.4,Washington Capitals
923,31,760,738,49.3,-2.4,2.5,536,514,49.0,-2.7,66,25,8.0,91.8,99.7,Brooks Laich,C,62.0,25,14:43,11:59,171.0,54.2,45.8,Washington Capitals
924,23,352,365,50.9,0.0,3.8,240,271,53.0,1.9,53,11,6.1,95.6,101.7,Michael Latta,C,47.1,15,8:23,8:07,51.0,51.4,48.6,Washington Capitals
925,28,1300,1413,52.1,1.2,8.2,935,1013,52.0,0.8,82,76,8.3,92.7,101.0,Matt Niskanen,D,41.3,34,22:21,18:51,286.0,48.6,51.4,Washington Capitals
926,20,74,87,54.0,3.6,0.6,54,62,53.4,2.1,13,1,7.7,100.0,107.7,Liam O'Brien,C,72.7,3,7:33,7:33,22.0,38.7,61.3,Washington Capitals
927,28,11,9,45.0,-1.4,-0.5,8,5,38.5,-7.7,1,0,0.0,80.0,80.0,Steven Oleksy,D,50.0,0,12:11,12:11,2.0,33.3,66.7,Washington Capitals
928,34,1453,1384,48.8,-3.9,1.1,1029,1005,49.4,-3.1,78,37,9.6,91.2,100.8,Brooks Orpik,D,39.3,11,21:47,18:45,168.0,51.8,48.2,Washington Capitals
929,29,1195,1456,54.9,5.5,9.1,868,1056,54.9,5.3,81,58,9.3,91.1,100.4,Alex Ovechkin,LW,54.4,45,20:20,16:23,722.0,40.3,59.7,Washington Capitals
930,26,24,40,62.5,9.8,0.7,16,26,61.9,9.0,4,0,11.1,92.3,103.4,Cameron Schilling,D,28.6,0,11:23,11:21,7.0,33.3,66.7,Washington Capitals
931,23,445,527,54.2,2.9,2.9,324,380,54.0,2.5,39,13,6.3,91.9,98.2,Nate Schmidt,D,46.0,11,13:53,13:30,87.0,41.3,58.7,Washington Capitals
932,29,14,14,50.0,4.1,0.3,8,12,60.0,16.6,2,1,0.0,100.0,100.0,Aaron Volpatti,LW,33.3,0,9:37,9:37,3.0,55.6,44.4,Washington Capitals
933,34,1013,1015,50.0,-1.8,6.6,718,738,50.7,-1.1,82,19,7.9,91.9,99.8,Joel Ward,RW,59.2,39,16:52,13:34,233.0,54.0,46.0,Washington Capitals
934,20,614,702,53.3,2.8,2.7,421,511,54.8,4.5,67,10,6.6,92.2,98.9,Tom Wilson,RW,52.7,20,10:55,10:46,150.0,42.6,57.4,Washington Capitals
935,24,655,685,51.1,-1.7,3.9,501,513,50.6,-1.3,41,34,7.5,92.7,100.2,Zach Bogosian,D,49.0,9,22:09,18:38,151.0,48.9,51.1,Winnipeg Jets
936,28,10,2,16.7,-32.6,-0.2,6,1,14.3,-31.7,1,0,0.0,100.0,100.0,Julien Brouillette,D,,0,9:33,9:33,0.0,100.0,0.0,Winnipeg Jets
937,29,1029,1161,53.0,0.3,7.0,782,880,52.9,1.3,69,57,8.7,91.8,100.5,Dustin Byfuglien,D,49.5,47,22:39,17:30,428.0,47.6,52.4,Winnipeg Jets
938,23,543,618,53.2,-0.6,6.2,399,463,53.7,1.5,40,26,7.7,93.1,100.8,Ben Chiarot,D,42.2,9,16:60,15:44,90.0,51.2,48.8,Winnipeg Jets
939,29,298,339,53.2,3.4,3.5,217,230,51.5,1.4,24,23,5.1,95.8,100.9,Grant Clitsome,D,39.3,5,16:22,14:11,56.0,49.8,50.2,Winnipeg Jets
940,20,9,9,50.0,8.6,0.5,6,9,60.0,25.8,1,0,25.0,100.0,125.0,Andrew Copp,C,100.0,0,13:16,12:21,8.0,60.0,40.0,Winnipeg Jets
941,24,3,4,57.1,4.6,-0.1,2,2,50.0,-0.8,1,0,0.0,100.0,100.0,Patrice Cormier,C,,0,4:54,4:54,0.0,100.0,0.0,Winnipeg Jets
942,26,12,9,42.9,-0.8,-0.4,8,2,20.0,-26.5,1,2,0.0,80.0,80.0,Keaton Ellerby,D,0.0,0,16:58,16:58,2.0,60.0,40.0,Winnipeg Jets
943,30,921,982,51.6,-0.6,9.9,690,735,51.6,0.2,60,37,10.9,91.7,102.7,Toby Enstrom,D,43.6,12,23:34,18:39,133.0,46.3,53.7,Winnipeg Jets
944,26,946,1131,54.5,2.8,7.8,690,792,53.4,2.2,82,35,8.0,91.0,98.9,Michael Frolik,RW,55.2,58,17:29,14:07,375.0,46.4,53.6,Winnipeg Jets
945,26,290,250,46.3,-7.4,-2.6,212,183,46.3,-6.7,38,7,4.2,90.9,95.1,T.J. Galiardi,LW,63.2,11,10:28,8:12,57.0,51.7,48.3,Winnipeg Jets
946,26,375,365,49.3,-3.3,2.6,271,284,51.2,-0.3,47,9,7.7,94.3,102.0,Matt Halischuk,RW,71.4,11,9:45,9:10,84.0,48.2,51.8,Winnipeg Jets
947,32,428,414,49.2,-1.7,-1.9,318,306,49.0,-1.6,35,28,8.5,93.3,101.8,Jay Harrison,D,37.5,9,15:36,13:01,72.0,47.3,52.7,Winnipeg Jets
948,23,496,555,52.8,1.6,1.5,375,405,51.9,1.0,37,19,8.3,90.7,99.0,Evander Kane,LW,51.6,18,19:19,15:06,244.0,49.5,50.5,Winnipeg Jets
949,24,5,4,44.4,1.4,-0.2,5,2,28.6,-17.8,2,1,0.0,80.0,80.0,Carl Klingberg,LW,,0,3:19,3:19,0.0,40.0,60.0,Winnipeg Jets
950,29,1038,1235,54.3,2.5,6.4,778,882,53.1,1.7,81,50,8.5,92.5,101.0,Andrew Ladd,LW,58.6,26,20:03,14:56,382.0,44.7,55.3,Winnipeg Jets
951,27,884,1044,54.1,1.4,6.4,660,757,53.4,1.3,70,22,8.2,92.9,101.0,Bryan Little,C,54.6,25,19:54,14:32,269.0,44.8,55.2,Winnipeg Jets
952,21,771,919,54.4,2.3,3.1,580,659,53.2,1.7,80,14,7.1,91.8,98.9,Adam Lowry,LW,56.2,24,13:45,12:25,185.0,46.0,54.0,Winnipeg Jets
953,24,380,384,50.3,-4.0,5.2,283,286,50.3,-3.0,24,20,12.0,91.5,103.4,Tyler Myers,D,55.9,14,23:49,18:38,93.0,47.3,52.7,Winnipeg Jets
954,24,47,63,57.3,7.3,-1.0,37,45,54.9,6.4,11,4,6.9,92.9,99.8,Eric O'Dell,C,40.0,8,7:26,7:19,15.0,27.8,72.2,Winnipeg Jets
955,30,557,587,51.3,-1.5,2.4,423,425,50.1,-1.5,55,37,8.8,92.7,101.4,Adam Pardy,D,36.6,10,15:01,12:20,82.0,45.1,54.9,Winnipeg Jets
956,25,222,217,49.4,-4.3,-1.7,178,160,47.3,-5.7,49,11,6.8,92.5,99.3,Anthony Peluso,RW,54.8,4,5:53,5:49,42.0,53.0,47.0,Winnipeg Jets
957,27,614,825,57.3,5.6,11.9,468,607,56.5,5.5,62,20,8.2,91.5,99.7,Mathieu Perreault,C,58.4,42,16:14,13:05,221.0,49.7,50.3,Winnipeg Jets
958,25,434,509,54.0,2.1,5.0,323,362,52.8,1.3,42,22,7.1,91.6,98.7,Paul Postma,D,36.7,17,14:07,12:52,109.0,45.3,54.7,Winnipeg Jets
959,21,1120,1250,52.7,0.7,14.4,814,895,52.4,1.1,82,44,9.2,91.8,100.9,Mark Scheifele,C,54.9,52,18:34,15:27,304.0,51.2,48.8,Winnipeg Jets
960,32,545,442,44.8,-9.0,-2.9,410,333,44.8,-8.2,82,15,7.4,92.2,99.6,Jim Slater,C,56.8,13,9:13,6:50,88.0,53.0,47.0,Winnipeg Jets
961,29,351,354,50.2,-2.5,3.7,252,273,52.0,0.6,26,4,9.3,92.9,102.2,Drew Stafford,RW,54.7,12,17:30,14:52,106.0,46.1,53.9,Winnipeg Jets
962,31,177,195,52.4,0.9,-0.3,142,136,48.9,-1.9,18,5,10.9,91.1,102.0,Lee Stempniak,RW,58.2,6,13:33,11:51,55.0,46.3,53.7,Winnipeg Jets
963,30,1016,1078,51.5,-2.1,-2.9,745,765,50.7,-2.3,70,48,7.4,92.4,99.7,Mark Stuart,D,33.3,13,19:13,15:47,153.0,52.1,47.9,Winnipeg Jets
964,31,568,548,49.1,-4.0,-1.1,420,393,48.3,-4.1,81,12,7.6,91.1,98.6,Chris Thorburn,RW,52.7,9,8:05,7:54,129.0,48.5,51.5,Winnipeg Jets
965,26,200,210,51.2,-1.1,2.0,145,151,51.0,-0.8,20,3,8.7,89.4,98.1,Jiri Tlusty,LW,60.0,6,12:57,11:32,45.0,48.2,51.8,Winnipeg Jets
966,20,1028,1200,53.9,1.2,0.0,757,838,52.5,0.1,65,76,6.9,92.1,99.0,Jacob Trouba,D,41.6,28,23:18,17:52,320.0,48.9,51.1,Winnipeg Jets
967,28,990,1187,54.5,2.7,13.5,734,882,54.6,3.8,79,35,9.6,93.0,102.6,Blake Wheeler,RW,58.7,35,19:39,14:32,416.0,47.9,52.1,Winnipeg Jets
